TRACE BEGIN axis=1 rows=1000 kp=0.00025 ki=8e-07 kv=1e-06 kd=1e-06 kff=0 ff=1 pwm=25000 target=-720 duration=5 vmax=1100 accel=2200 vscale=1 ascale=0.35 vsrc=1 vwin=40 valpha=0.05
t_ms,ref_mdeg,enc_mdeg,hat_mdeg,vref_mdegs,what_mdegs,duty_milli,cur_01ma
0,0,0,0,0,0,-19,0
5,-10,-3,2,-3850,-77,147,59
10,-39,-24,-75,-7700,-615,1000,-1969
15,-303,-209,-539,-21612,-5359,1000,-445
20,-421,-144,-1037,-25462,-3692,1000,588
25,-558,-218,-1340,-29312,-5590,1000,994
30,-714,-106,-1342,-33162,-2718,23,1578
35,-890,-121,-1050,-37012,-3103,-203,93
40,-1084,-273,-799,-40862,-6974,451,-723
45,-1298,-44,-664,-44712,51,-1000,1187
50,-1531,-134,-214,-48562,2282,-1000,2567
55,-1784,-514,577,-52412,-5051,-1000,-2930
60,-2055,-508,801,-56262,-3615,-1000,713
65,-2346,-359,1155,-60112,2795,-1000,998
70,-2657,-688,1552,-63962,-10154,-1000,-2681
75,-2986,-246,1529,-67812,1641,-1000,1957
80,-3335,-789,1741,-71662,-8410,-1000,-2520
85,-3703,-317,1607,-75512,-2513,-1000,2474
90,-4090,-842,1805,-79362,-19513,-1000,-2483
95,-4496,-1130,1450,-83212,-12872,-1000,-2409
100,-4922,-1261,760,-87062,-18462,-1000,2677
105,-5367,-1330,515,-90912,-26128,1000,-2327
110,-5831,-1224,-239,-94762,-20128,1000,-2339
115,-6314,-1124,-1346,-98612,-22308,1000,1740
120,-6817,-1533,-2185,-102462,-25590,1000,-2275
125,-7339,-1410,-3273,-106312,-27923,1000,3175
130,-7880,-1690,-3823,-110162,-28308,1000,-2496
135,-8441,-1577,-4657,-114012,-13359,1000,3177
140,-9020,-2269,-4963,-117862,-33846,1000,-2664
145,-9619,-1984,-5618,-121712,-21359,1000,2580
150,-10237,-1874,-5606,-125562,-15359,-1000,3093
155,-10875,-2436,-5140,-129412,-34897,1000,-3062
160,-11532,-2939,-5406,-133262,-33000,1000,-2907
165,-12208,-3185,-6102,-137112,-47590,-288,3081
170,-12903,-3404,-6211,-140962,-41333,-1000,-843
175,-13617,-3804,-6300,-144812,-49154,-1000,2881
180,-14351,-4344,-5991,-148662,-52538,-1000,-2886
185,-15104,-4729,-6324,-152512,-62641,-1000,-2562
190,-15876,-5239,-7014,-156362,-81795,-1000,2980
195,-16667,-5834,-7213,-160212,-80949,-1000,-2596
200,-17478,-6524,-7984,-164062,-81821,-1000,-2631
205,-18308,-7451,-9199,-167912,-104410,-1000,1074
210,-19157,-8389,-10275,-171762,-121282,-1000,-2242
215,-20026,-9449,-11924,-175612,-145051,1000,-4085
220,-20913,-9839,-14425,-179462,-137436,1000,-1933
225,-21820,-10397,-17084,-183312,-138077,-1000,4161
230,-22746,-11288,-18991,-187162,-155026,1000,-2446
235,-23692,-11584,-21437,-191012,-143795,1000,-3108
240,-24657,-12231,-24256,-194862,-139308,-1000,4318
245,-25640,-13507,-26375,-198712,-152615,-168,-4173
250,-26644,-14784,-29542,-202562,-165590,1000,-6939
255,-27666,-16244,-34232,-206412,-175564,1000,-4481
260,-28708,-16714,-39319,-210262,-173308,997,9911
265,-29769,-17740,-42740,-214112,-190795,1000,-7373
270,-30849,-18589,-47791,-217962,-189154,1000,-7021
275,-31948,-19165,-53546,-221812,-191718,-1000,14090
280,-33067,-20073,-57011,-225662,-201077,851,-11466
285,-34205,-21860,-63340,-229512,-213692,1000,-17243
290,-35362,-22479,-72142,-233362,-191462,-1000,19636
295,-36539,-24226,-77787,-237212,-198128,-1000,-15583
300,-37734,-25464,-85229,-241062,-214462,-1000,23120
305,-38949,-26407,-89003,-244912,-216000,-1000,-19318
310,-40183,-27217,-97196,-248762,-208897,-1000,-18952
315,-41437,-28463,-107940,-252612,-231667,-1000,26043
320,-42709,-29579,-114373,-256462,-236231,-1000,-18000
325,-44001,-32243,-124872,-260312,-258667,1000,-17857
330,-45313,-33030,-137633,-264162,-258231,-1000,26999
335,-46643,-34731,-145831,-268012,-257282,-1000,-17163
340,-47993,-36345,-157874,-271862,-276641,-1000,-17125
345,-49362,-37351,-173920,-275712,-275846,-67,-15310
350,-50750,-38468,-193498,-279562,-278897,-1000,-13639
355,-52157,-39751,-216168,-283412,-285923,-1000,-12174
360,-53584,-41226,-241544,-287262,-293308,-1000,-10891
365,-55030,-43356,-266970,-291112,-270744,1000,-10818
370,-56495,-44671,-290457,-294962,-291154,-1000,30000
375,-57979,-46276,-308121,-298812,-288744,-1000,-12759
380,-59483,-48084,-328477,-302662,-303949,1000,-13189
385,-61006,-48917,-351798,-306512,-293949,1000,-11862
390,-62548,-50633,-377268,-310362,-311872,1000,-10836
395,-64110,-51555,-402691,-314212,-301333,1000,-10817
400,-65690,-52843,-428113,-318062,-295872,1000,-10817
405,-67290,-54321,-453535,-321912,-260769,-1000,-10817
410,-68909,-57154,-478957,-325762,-318872,1000,-10817
415,-70548,-57685,-504379,-329612,-289026,1000,-10817
420,-72206,-59288,-529801,-333462,-286128,1000,-10817
425,-73883,-60087,-553288,-337312,-271923,-1000,30000
430,-75579,-61811,-570952,-341162,-277385,-1000,-12759
435,-77294,-62916,-591308,-345012,-279872,-1000,-13189
440,-79029,-64349,-614629,-348862,-282333,-1000,-11862
445,-80783,-65951,-640099,-352712,-282923,-1000,-10836
450,-82556,-69105,-665522,-356562,-307333,1000,-10817
455,-84348,-69460,-689009,-360412,-288410,-1000,30000
460,-86160,-71320,-706673,-364262,-294744,-1000,-12759
465,-87991,-72722,-725094,-368112,-316487,-1000,29760
470,-89841,-74537,-738217,-371962,-318923,-1000,-14826
475,-91711,-76322,-754568,-375812,-333487,-1000,-15083
480,-93599,-78054,-774384,-379662,-340385,-1000,-13522
485,-95507,-79760,-797261,-383512,-342333,-1000,-12075
490,-97434,-82008,-822741,-387362,-325051,1000,-10840
495,-99381,-83513,-846229,-391212,-348846,-1000,30000
500,-101347,-85473,-863895,-395062,-349718,-1000,-12758
505,-103331,-87313,-884252,-398912,-371205,638,-13188
510,-105336,-88429,-907574,-402762,-352846,1000,-11861
515,-107359,-90370,-933044,-406612,-357179,1000,-10836
520,-109402,-92182,-958467,-410462,-359385,1000,-10817
525,-111464,-93929,-983889,-414312,-360538,1000,-10817
530,-113545,-95643,-1009311,-418162,-328846,-1000,-10817
535,-115645,-98597,-1034733,-422012,-382846,-1000,-10817
540,-117765,-100570,-1060155,-425862,-383385,1000,-10817
545,-119904,-102634,-1085577,-429712,-391256,1000,-10817
550,-122062,-103465,-1109064,-433562,-369795,-1000,30000
555,-124240,-105906,-1126728,-437412,-383462,-1000,-12759
560,-126436,-107921,-1147084,-441262,-389103,-1000,-13189
565,-128652,-109772,-1170405,-445112,-391974,-1000,-11862
570,-130887,-111538,-1195875,-448962,-391487,-1000,-10836
575,-133142,-114522,-1221298,-452812,-406872,1000,-10817
580,-135415,-116005,-1244785,-456662,-385974,-1000,30000
585,-137708,-118189,-1262449,-460512,-389897,-1000,-12759
590,-140021,-119897,-1282805,-464362,-408308,-1000,-13189
595,-142352,-122491,-1306126,-468212,-415821,-1000,-11862
600,-144703,-124866,-1331596,-472062,-426128,-52,-10836
605,-147073,-127218,-1357019,-475912,-439538,1000,-10817
610,-149462,-129364,-1382441,-479762,-449564,1000,-10817
615,-151870,-131358,-1407863,-483612,-418385,-1000,-10817
620,-154298,-133849,-1431350,-487462,-442359,-1000,30000
625,-156745,-136203,-1449014,-491312,-448333,-1000,-12759
630,-159211,-138244,-1469370,-495162,-462359,-1000,-13189
635,-161696,-140622,-1492691,-499012,-459026,1000,-11862
640,-164201,-143069,-1518161,-502862,-459128,1000,-10836
645,-166725,-145376,-1543584,-506712,-455231,-1000,-10817
650,-169268,-148000,-1569006,-510562,-469000,-1000,-10817
655,-171831,-150163,-1594428,-514412,-461821,-1000,-10817
660,-174412,-153582,-1619850,-518262,-499462,1000,-10817
665,-177013,-155245,-1645272,-522112,-483205,1000,-10817
670,-179634,-157421,-1670694,-525962,-487821,1000,-10817
675,-182273,-159355,-1696116,-529812,-464590,-1000,-10817
680,-184932,-161787,-1721538,-533662,-461795,-1000,-10817
685,-187610,-164563,-1746960,-537512,-473897,-1000,-10817
690,-190307,-167586,-1772382,-541362,-487154,-1000,-10817
695,-193023,-169971,-1797804,-545212,-494410,-1000,-10817
700,-195759,-172567,-1823226,-549062,-480103,1000,-10817
705,-198514,-174596,-1846713,-552912,-478897,-1000,30000
710,-201288,-176933,-1864377,-556762,-484615,-1000,-12759
715,-204081,-179008,-1884733,-560612,-487103,-1000,-13189
720,-206894,-181818,-1908054,-564462,-499205,-1000,-11862
725,-209726,-184573,-1933524,-568312,-502154,1000,-10836
730,-212577,-187111,-1958947,-572162,-493308,1000,-10817
735,-215448,-189737,-1984369,-576012,-501769,1000,-10817
740,-218337,-191902,-2009791,-579862,-473821,-1000,-10817
745,-221246,-195106,-2035213,-583712,-514359,-1000,-10817
750,-224174,-197588,-2060635,-587562,-520154,1000,-10817
755,-227122,-199913,-2086057,-591412,-526513,-330,-10817
760,-230089,-202952,-2111479,-595262,-535308,1000,-10817
765,-233074,-205489,-2136901,-599112,-523872,-1000,-10817
770,-236080,-208314,-2162323,-602962,-523410,-1000,-10817
775,-239104,-211292,-2187745,-606812,-535487,-1000,-10817
780,-242148,-213746,-2213167,-610662,-542487,-1000,-10817
785,-245211,-217360,-2238589,-614512,-565949,1000,-10817
790,-248293,-220356,-2264011,-618362,-572256,1000,-10817
795,-251394,-223217,-2289433,-622212,-586769,-1000,-10817
800,-254515,-226986,-2314855,-626062,-597692,-1000,-10817
805,-257655,-230594,-2340277,-629912,-624308,-1000,-10817
810,-260814,-233973,-2365699,-633762,-642179,-1000,-10817
815,-263993,-237497,-2391121,-637612,-660308,-763,-10817
820,-267190,-240624,-2416543,-641462,-677538,-1000,-10817
825,-270407,-243994,-2441965,-645312,-667487,1000,-10817
830,-273643,-247279,-2467387,-649162,-668538,-1000,-10817
835,-276899,-250815,-2492809,-653012,-687692,-1000,-10817
840,-280173,-255184,-2518231,-656862,-698462,-1000,-10817
845,-283467,-259826,-2543653,-660712,-731154,-1000,-10817
850,-286781,-263524,-2569075,-664562,-744769,-1000,-10817
855,-290113,-267084,-2594497,-668412,-746590,1000,-10817
860,-293465,-270466,-2619919,-672262,-755051,1000,-10817
865,-296836,-273692,-2645341,-676112,-736897,-1000,-10817
870,-300226,-277407,-2670763,-679962,-751128,-1000,-10817
875,-303635,-281764,-2696185,-683812,-774256,-1000,-10817
880,-307064,-285390,-2721607,-687662,-747718,-1000,-10817
885,-310512,-290921,-2747029,-691512,-782513,1000,-10817
890,-313979,-293667,-2772451,-695362,-761487,1000,-10817
895,-317465,-296627,-2797873,-699212,-732282,-1000,-10817
900,-320971,-300398,-2823295,-703062,-747718,-1000,-10817
905,-324496,-304280,-2848717,-706912,-761179,-1000,-10817
910,-328040,-308963,-2874139,-710762,-789462,-1000,-10817
915,-331604,-313244,-2899561,-714612,-795333,1000,-10817
920,-335186,-316579,-2924983,-718462,-772333,-1000,-10817
925,-338788,-322209,-2950405,-722312,-788436,1000,-10817
930,-342410,-325049,-2973892,-726162,-783718,-1000,30000
935,-346050,-327930,-2991556,-730012,-781692,-1000,-12759
940,-349710,-331717,-3011912,-733862,-788769,-1000,-13189
945,-353389,-335050,-3035233,-737712,-761949,-1000,-11862
950,-357087,-340430,-3060703,-741562,-790718,907,-10836
955,-360803,-343168,-3086126,-743749,-749615,-1000,-10817
960,-364512,-346530,-3111548,-739899,-743077,-1000,-10817
965,-368202,-351119,-3136970,-736049,-719051,1000,-10817
970,-371873,-354189,-3160457,-732199,-727410,-1000,30000
975,-375524,-357305,-3178121,-728349,-737282,-1000,-12759
980,-379156,-361226,-3198477,-724499,-746744,1000,-13189
985,-382769,-364380,-3221798,-720649,-725641,-1000,-11862
990,-386363,-369916,-3247268,-716799,-742641,1000,-10836
995,-389937,-372709,-3270756,-712949,-734513,-1000,30000
1000,-393492,-376276,-3288421,-709099,-745179,-1000,-12758
1005,-397028,-380260,-3308778,-705249,-718410,-1000,-13188
1010,-400545,-384021,-3330164,-701399,-749897,-1000,30000
1015,-404042,-387504,-3345960,-697549,-760667,1000,-13605
1020,-407520,-390433,-3364666,-693699,-732410,-704,-13968
1025,-410979,-393664,-3386543,-689849,-726590,-1000,-12545
1030,-414419,-398151,-3411224,-685999,-702051,1000,-11220
1035,-417839,-401168,-3434730,-682149,-710103,-1000,30000
1040,-421240,-404793,-3452416,-678299,-717615,-1000,-12749
1045,-424622,-408042,-3472790,-674449,-683641,-1000,-13180
1050,-427985,-412523,-3496128,-670599,-720026,-1000,-11853
1055,-431328,-415355,-3521598,-666749,-699128,1000,-10836
1060,-434652,-418364,-3547021,-662899,-692949,-1000,-10817
1065,-437957,-422059,-3572443,-659049,-711205,-1000,-10817
1070,-441243,-426108,-3597865,-655199,-688385,-1000,-10817
1075,-444509,-429902,-3621352,-651349,-721897,-1000,30000
1080,-447756,-433403,-3639016,-647499,-724231,1000,-12759
1085,-450984,-436341,-3659372,-643649,-699487,-1000,-13189
1090,-454193,-441287,-3682693,-639799,-730923,1000,-11862
1095,-457382,-443734,-3708163,-635949,-704897,-1000,-10836
1100,-460552,-446935,-3733586,-632099,-712154,-1000,-10817
1105,-463703,-450887,-3759008,-628249,-725154,-1000,-10817
1110,-466835,-454304,-3784430,-624399,-694026,-1000,-10817
1115,-469947,-458870,-3809852,-620549,-731846,-1000,-10817
1120,-473040,-461747,-3835274,-616699,-711692,1000,-10817
1125,-476114,-464778,-3860696,-612849,-705590,-1000,-10817
1130,-479169,-469744,-3886118,-608999,-717795,1000,-10817
1135,-482204,-472245,-3909605,-605149,-709154,-1000,30000
1140,-485220,-475652,-3927269,-601299,-719333,-1000,-12759
1145,-488217,-479269,-3947625,-597449,-717282,1000,-13189
1150,-491195,-482265,-3970946,-593599,-690256,-1000,-11862
1155,-494153,-487240,-3996416,-589749,-720513,1000,-10836
1160,-497092,-489671,-4021839,-585899,-693103,-1000,-10817
1165,-500012,-492687,-4047261,-582049,-695103,-1000,-10817
1170,-502913,-496675,-4072683,-578199,-670513,1000,-10817
1175,-505794,-499437,-4096170,-574349,-678615,-1000,30000
1180,-508656,-502930,-4113834,-570499,-687667,940,-12759
1185,-511499,-504676,-4134190,-566649,-636026,-1000,-13189
1190,-514323,-507524,-4157511,-562799,-623949,-1000,-11862
1195,-517127,-511774,-4182981,-558949,-617103,1000,-10836
1200,-519912,-513907,-4206469,-555099,-599692,-1000,30000
1205,-522678,-517060,-4224134,-551249,-611333,-1000,-12758
1210,-525425,-519211,-4244491,-547399,-551051,-1000,-13188
1215,-528152,-522015,-4265877,-543549,-564949,-1000,30000
1220,-530860,-525007,-4281673,-539699,-559051,1000,-13605
1225,-533549,-526495,-4298444,-535849,-539897,-1000,28981
1230,-536219,-529392,-4310123,-531999,-544897,-1000,-15510
1235,-538869,-533033,-4325210,-528149,-527513,1000,-15682
1240,-541500,-535616,-4341985,-524299,-539256,-1000,28902
1245,-544112,-539017,-4353696,-520449,-560872,1000,-15498
1250,-546705,-540671,-4368813,-516599,-527846,-1000,-15668
1255,-549278,-544101,-4387549,-512749,-558744,-1000,-14035
1260,-551832,-546395,-4409481,-508899,-535051,1000,-12524
1265,-554367,-548269,-4432275,-505049,-543103,-1000,30000
1270,-556883,-551307,-4449334,-501199,-550590,-376,-13033
1275,-559379,-553794,-4469155,-497349,-506718,-1000,-13441
1280,-561856,-556697,-4490073,-493499,-527154,-1000,30000
1285,-564314,-559741,-4505449,-489649,-524744,1000,-13796
1290,-566753,-561255,-4521850,-485799,-508564,-1000,28806
1295,-569172,-564947,-4533205,-481949,-531436,1000,-15663
1300,-571572,-566750,-4548008,-478099,-501000,-1000,-15816
1305,-573953,-569143,-4564534,-474249,-524231,-1000,28784
1310,-576315,-571924,-4576028,-470399,-521872,1000,-15601
1315,-578657,-573304,-4589020,-466549,-477179,-1000,27191
1320,-580980,-576070,-4597391,-462699,-488821,-1000,-17078
1325,-583284,-578023,-4609584,-458849,-455256,1000,-17054
1330,-585569,-579722,-4623827,-454999,-458231,-1000,27701
1335,-587834,-583150,-4633322,-451149,-459128,1000,-16549
1340,-590080,-584862,-4644565,-447299,-444692,-1000,26362
1345,-592307,-587798,-4651406,-443449,-472154,-1000,-17803
1350,-594515,-589838,-4662260,-439599,-446692,1000,-17688
1355,-596703,-591583,-4675331,-435749,-453846,-1000,27146
1360,-598872,-594555,-4683800,-431899,-473154,1000,-17035
1365,-601022,-595988,-4696081,-428049,-440846,-1000,-17012
1370,-603153,-598191,-4710400,-424199,-463154,-1000,27738
1375,-605264,-600952,-4719962,-420349,-441641,1000,-16517
1380,-607356,-603084,-4731263,-416499,-451282,-1000,26390
1385,-609429,-606254,-4738155,-412649,-471821,1000,-17778
1390,-611483,-607789,-4749054,-408799,-440179,-1000,-17667
1395,-613517,-610044,-4762164,-404949,-462795,-1000,27165
1400,-615532,-612756,-4770669,-401099,-461513,1000,-17018
1405,-617528,-614099,-4781045,-397249,-445897,-1000,25951
1410,-619505,-616846,-4787127,-393399,-472769,-1000,-18163
1415,-621462,-618790,-4797318,-389549,-434744,-1000,-18003
1420,-623400,-621468,-4809808,-385699,-459538,-1000,26871
1425,-625319,-623999,-4817770,-381849,-449154,1000,-17276
1430,-627219,-625245,-4827671,-377999,-428769,-1000,25726
1435,-629099,-627943,-4833338,-374149,-453205,-1000,-18359
1440,-630960,-629861,-4843164,-370299,-426205,1000,-18175
1445,-632802,-631517,-4855336,-366449,-431897,-1000,26720
1450,-634625,-634379,-4863019,-362599,-448795,1000,-17407
1455,-636428,-635744,-4874612,-358749,-413000,-1000,-17338
1460,-638212,-639020,-4890264,-354899,-445359,1000,-15497
1465,-639977,-639770,-4909498,-351049,-392641,71,-13803
1470,-641723,-641076,-4929932,-347199,-391538,-1000,30000
1475,-643449,-643325,-4944874,-343349,-393821,1000,-13992
1480,-645156,-644401,-4962827,-339499,-353154,-1000,-14325
1485,-646844,-646416,-4982110,-335649,-372179,-1000,30000
1490,-648513,-648853,-4996019,-331799,-366308,1000,-14460
1495,-650162,-650041,-5011125,-327949,-348385,-1000,28194
1500,-651792,-653553,-5021347,-324099,-372051,1000,-16200
1505,-653403,-654087,-5033225,-320249,-351974,-1000,26663
1510,-654994,-655954,-5040622,-316399,-375667,-1000,-17540
1515,-656567,-657191,-5051962,-312549,-352795,1000,-17458
1520,-658120,-657775,-5065458,-308699,-325641,-1000,27348
1525,-659654,-660138,-5074300,-304849,-347872,-348,-16858
1530,-661168,-661430,-5086906,-300999,-311026,1000,-16858
1535,-662664,-662726,-5101510,-297149,-311154,-1000,27873
1540,-664140,-665955,-5111321,-293299,-311000,1000,-16399
1545,-665597,-666718,-5122841,-289449,-311821,-1000,26493
1550,-667034,-669189,-5129924,-285599,-342821,1000,-17688
1555,-668453,-669209,-5139055,-281749,-300821,-1000,25361
1560,-669852,-670183,-5142113,-277899,-305974,-1000,24270
1565,-671232,-671813,-5141216,-274049,-300436,1000,-21382
1570,-672592,-672189,-5145270,-270199,-258769,-1000,-20907
1575,-673934,-673659,-5152390,-266349,-271231,-1000,24325
1580,-675256,-676055,-5155652,-262499,-244821,1000,-19503
1585,-676559,-677524,-5161442,-258649,-269821,-1000,23776
1590,-677842,-679628,-5163511,-254799,-264154,1000,-20065
1595,-679107,-679824,-5168255,-250949,-261846,-1000,23281
1600,-680352,-681153,-5169409,-247099,-279718,-1000,-20499
1605,-681578,-682322,-5175287,-243249,-268359,1000,-20047
1610,-682784,-682025,-5184005,-239399,-238590,-1000,25083
1615,-683972,-683593,-5188666,-235549,-251590,877,-18841
1620,-685140,-684060,-5197613,-231699,-183846,-1000,-18593
1625,-686289,-685717,-5209016,-227849,-208359,-1000,26356
1630,-687418,-686618,-5216027,-223999,-168897,1000,-17727
1635,-688529,-687314,-5225096,-220149,-186641,-1000,25331
1640,-689620,-688551,-5230034,-216299,-193615,1000,-18705
1645,-690692,-689118,-5239223,-212449,-167154,1000,-18477
1650,-691744,-689415,-5250838,-208599,-185769,-1000,26456
1655,-692778,-690925,-5258033,-204749,-189795,1000,-17639
1660,-693792,-691192,-5267264,-200899,-167513,-1000,25408
1665,-694787,-692924,-5272344,-197049,-190974,1000,-18638
1670,-695762,-692906,-5281657,-193199,-144949,-1000,-18419
1675,-696719,-694299,-5293380,-189349,-179923,-1000,26508
1680,-697656,-694990,-5300671,-185499,-165769,1000,-17594
1685,-698574,-695301,-5309985,-181649,-144897,-1000,25448
1690,-699472,-696346,-5313203,-177799,-179897,-1000,24346
1695,-700352,-696934,-5312445,-173949,-145718,1000,-21316
1700,-701212,-697469,-5314686,-170099,-152897,-1000,22099
1705,-702053,-698755,-5313713,-166249,-154026,1000,-21500
1710,-702874,-698506,-5315796,-162399,-129974,-1000,22020
1715,-703677,-700452,-5314684,-158549,-164821,1000,-21565
1720,-704460,-700543,-5318581,-154699,-136897,1000,-20986
1725,-705224,-701075,-5325564,-150849,-136744,-1000,24261
1730,-705968,-702588,-5328707,-146999,-168308,1000,-19559
1735,-706694,-702458,-5336327,-143149,-126436,-1000,-19222
1740,-707400,-703794,-5346568,-139299,-163538,-1000,25805
1745,-708087,-704489,-5352562,-135449,-145282,1000,-18209
1750,-708754,-704678,-5360742,-131599,-148821,-1000,24910
1755,-709403,-706868,-5364903,-127749,-168308,1000,-19074
1760,-710032,-706743,-5371477,-123899,-146923,-1000,24149
1765,-710642,-707643,-5372297,-120049,-161795,-1000,23210
1770,-711232,-709208,-5369441,-116199,-175000,1000,-22310
1775,-711804,-708762,-5369847,-112349,-148410,-1000,21229
1780,-712356,-710606,-5367268,-108499,-181949,1000,-22262
1785,-712889,-710646,-5369880,-104649,-147846,-1000,-21595
1790,-713402,-712069,-5375739,-100799,-184103,-1000,23728
1795,-713897,-712820,-5377898,-96949,-150051,1000,-20026
1800,-714372,-713198,-5382723,-93099,-155641,-1000,23319
1805,-714828,-714460,-5383947,-89249,-173462,-1000,-20465
1810,-715264,-715596,-5389887,-85399,-163359,1000,-20018
1815,-715682,-715281,-5398658,-81549,-158385,-1000,25108
1820,-716080,-717205,-5403365,-77699,-173333,1000,-18818
1825,-716459,-716943,-5410418,-73849,-147641,-1000,24377
1830,-716818,-718882,-5413594,-69999,-181641,1000,-19540
1835,-717159,-718971,-5421241,-66149,-146026,-1000,-19208
1840,-717480,-720419,-5431505,-62299,-180205,-1000,25816
1845,-717782,-721005,-5437519,-58449,-171949,1000,-18199
1850,-718064,-720932,-5445716,-54599,-129846,-1000,24918
1855,-718328,-721783,-5447957,-50749,-163051,-1000,23882
1860,-718572,-722204,-5446344,-46899,-126538,1000,-21721
1865,-718797,-721705,-5447838,-43049,-112692,-1000,21745
1870,-719002,-723536,-5446210,-39199,-123154,1000,-21810
1875,-719189,-723226,-5447720,-35349,-95128,-1000,21749
1880,-719356,-725141,-5446108,-31499,-127974,1000,-21803
1885,-719504,-725217,-5449567,-27649,-105128,1000,-21194
1890,-719632,-725262,-5456167,-23799,-100974,-1000,24079
1895,-719742,-726164,-5458974,-19949,-121231,1000,-19719
1900,-719832,-725378,-5464366,-16099,-75667,-1000,23589
1905,-719903,-725865,-5464152,-12249,-103615,-1000,22719
1910,-719954,-726094,-5460392,-8399,-64256,1000,-22740
1915,-719987,-725328,-5460069,-4549,-44641,-1000,20891
1920,-720000,-727027,-5456853,-699,-52256,1000,-22564
1925,-720000,-726651,-5456982,0,-24795,-1000,21097
1930,-720000,-727346,-5452218,0,-56462,-1000,20569
1935,-720000,-727678,-5444477,0,-40615,1000,-24626
1940,-720000,-726951,-5440672,0,-32692,-1000,19240
1945,-720000,-727812,-5434408,0,-60077,1000,-24008
1950,-720000,-727355,-5433859,0,-28385,1000,-23086
1955,-720000,-727137,-5436953,0,-44231,-1000,22417
1960,-720000,-728391,-5436753,0,-34051,1000,-21138
1965,-720000,-728091,-5439516,0,-27897,-1000,22343
1970,-720000,-729008,-5439001,0,-52051,1000,-21284
1975,-720000,-728573,-5443419,0,-18692,1000,-20738
1980,-720000,-728364,-5450859,0,-33949,-1000,24477
1985,-720000,-729143,-5454401,0,-41538,1000,-19370
1990,-720000,-728304,-5460436,0,-14128,-1000,23893
1995,-720000,-728772,-5460784,0,-45821,-1000,22986
2000,-720000,-729073,-5457515,0,-10000,1000,-22506
2005,-720000,-729391,-5457577,0,-30641,-1000,21070
2010,-720000,-729386,-5454681,0,-16974,1000,-22411
2015,-720000,-728457,-5455080,0,13231,-1000,21222
2020,-720000,-728738,-5452497,0,-13462,141,-22264
2025,-720000,-728331,-5455106,0,18692,1000,-21597
2030,-720000,-727110,-5460962,0,38128,-1000,23726
2035,-720000,-727735,-5463119,0,16436,1000,-20027
2040,-720000,-727168,-5469876,0,63077,-1000,-19631
2045,-720000,-728289,-5479362,0,16641,1000,25447
2050,-720000,-727454,-5484695,0,52410,1000,-18522
2055,-720000,-727050,-5492296,0,37795,-1000,24636
2060,-720000,-727741,-5495950,0,15641,1000,-19314
2065,-720000,-726868,-5502081,0,38436,1000,23939
2070,-720000,-725934,-5502514,0,30897,-1000,23026
2075,-720000,-726353,-5499320,0,27256,1000,-22471
2080,-720000,-725341,-5499440,0,58667,-1000,21095
2085,-720000,-726907,-5496601,0,25487,1000,-22385
2090,-720000,-725626,-5497051,0,55821,-1000,21246
2095,-720000,-725876,-5492576,0,25590,-1000,20706
2100,-720000,-725999,-5485087,0,42282,1000,-24506
2105,-720000,-725185,-5481503,0,48615,-1000,19345
2110,-720000,-724834,-5473498,0,21897,-1000,19033
2115,-720000,-724649,-5462921,0,40385,1000,-25970
2120,-720000,-723676,-5456634,0,49641,-1000,18064
2125,-720000,-725281,-5448199,0,36615,1000,-25037
2130,-720000,-724002,-5443815,0,47692,-1000,18961
2135,-720000,-724595,-5437047,0,21974,1000,-24247
2140,-720000,-724013,-5436057,0,54538,1000,-23295
2145,-720000,-723739,-5438765,0,39128,-1000,22235
2150,-720000,-723643,-5438231,0,17641,1000,-21297
2155,-720000,-722709,-5442634,0,52308,1000,-20747
2160,-720000,-722255,-5450060,0,38000,-1000,24470
2165,-720000,-723399,-5453591,0,48821,1000,-19376
2170,-720000,-722627,-5459615,0,35769,-1000,23888
2175,-720000,-723112,-5461889,0,29744,1000,-19968
2180,-720000,-722134,-5466813,0,58000,-1000,23367
2185,-720000,-722539,-5466190,0,26718,-1000,22525
2190,-720000,-722263,-5462071,0,24795,1000,-22909
2195,-720000,-720882,-5461435,0,55462,-1000,20743
2200,-720000,-721082,-5456010,0,25385,-1000,20256
2205,-720000,-721255,-5447690,0,62103,1000,-24900
2210,-720000,-721506,-5443378,0,22872,-1000,19000
2215,-720000,-721398,-5436671,0,40846,1000,-24218
2220,-720000,-720464,-5433800,0,49872,-1000,19679
2225,-720000,-721235,-5428355,0,23103,1000,-23620
2230,-720000,-720666,-5428523,0,35205,1000,-22747
2235,-720000,-719273,-5432244,0,46974,-1000,22714
2240,-720000,-719808,-5432533,0,21615,1000,-20913
2245,-720000,-719196,-5437655,0,66641,-1000,-20406
2250,-720000,-720294,-5445711,0,18692,1000,24769
2255,-720000,-719446,-5449793,0,52872,1000,-19115
2260,-720000,-719037,-5456299,0,38282,-1000,24116
2265,-720000,-719724,-5458996,0,31051,1000,-19768
2270,-720000,-718850,-5464289,0,46385,1000,23542
2275,-720000,-717915,-5463989,0,34949,-1000,22678
2280,-720000,-718333,-5460152,0,29359,1000,-22776
2285,-720000,-717321,-5459763,0,59744,-1000,20859
2290,-720000,-718888,-5456488,0,26026,1000,-22590
2295,-720000,-717607,-5456573,0,56077,-1000,21076
2300,-720000,-717857,-5451765,0,25718,-1000,20549
2305,-720000,-717980,-5443985,0,42333,1000,-24645
2310,-720000,-717165,-5440145,0,48667,-1000,19223
2315,-720000,-716814,-5431916,0,21923,-1000,18927
2320,-720000,-716629,-5421144,0,40385,1000,-26063
2325,-720000,-715657,-5414686,0,49615,-1000,17982
2330,-720000,-717261,-5406101,0,36641,1000,-25108
2335,-720000,-715982,-5401587,0,47692,-1000,18900
2340,-720000,-716576,-5394704,0,21974,1000,-24301
2345,-720000,-715993,-5393614,0,54564,1000,-23343
2350,-720000,-715720,-5396234,0,39128,-1000,22193
2355,-720000,-715623,-5395623,0,17641,1000,-21332
2360,-720000,-714689,-5399959,0,52308,1000,-20778
2365,-720000,-714235,-5407326,0,38000,-1000,24443
2370,-720000,-715379,-5410805,0,48846,1000,-19400
2375,-720000,-714607,-5416784,0,35795,-1000,23866
2380,-720000,-715092,-5419019,0,29769,1000,-19986
2385,-720000,-714114,-5423908,0,58000,-1000,23351
2390,-720000,-714520,-5423255,0,26692,-1000,22510
2395,-720000,-714305,-5419110,0,23205,1000,-22922
2400,-720000,-713117,-5418451,0,48949,-1000,20731
2405,-720000,-713415,-5413005,0,16359,-1000,20246
2410,-720000,-713640,-5404667,0,51718,1000,-24909
2415,-720000,-713917,-5400339,0,11821,-1000,18992
2420,-720000,-713821,-5393619,0,29513,1000,-24225
2425,-720000,-712894,-5390736,0,38359,-1000,19673
2430,-720000,-713669,-5385281,0,11462,1000,-23624
2435,-720000,-713173,-5385440,0,24564,1000,-22751
2440,-720000,-712840,-5389153,0,13462,-1000,22710
2445,-720000,-713565,-5389435,0,-14538,1000,-20916
2450,-720000,-712996,-5392616,0,30513,-1000,22540
2455,-720000,-714180,-5390524,0,-19051,1000,21834
2460,-720000,-713579,-5385114,0,9077,1000,-23521
2465,-720000,-713295,-5383348,0,-8564,-1000,20207
2470,-720000,-714047,-5378869,0,-17385,1000,-23162
2475,-720000,-713198,-5377948,0,8821,-1000,20603
2480,-720000,-713662,-5372274,0,-25359,-1000,20137
2485,-720000,-713884,-5363736,0,-10462,1000,-25003
2490,-720000,-713112,-5359234,0,6231,-1000,18909
2495,-720000,-714809,-5352360,0,-24538,1000,-24297
2500,-720000,-714431,-5349342,0,-12103,-1000,19610
2505,-720000,-715125,-5341834,0,-51026,-1000,19268
2510,-720000,-715457,-5331692,0,-38333,1000,-25764
2515,-720000,-714731,-5325785,0,-31821,-1000,18243
2520,-720000,-715592,-5317683,0,-59667,1000,-24879
2525,-720000,-715135,-5315526,0,-28154,1000,-23849
2530,-720000,-714916,-5317213,0,-44103,-1000,21751
2535,-720000,-716170,-5315786,0,-34000,1000,-21719
2540,-720000,-715932,-5317472,0,-29462,-1000,21832
2545,-720000,-717038,-5316014,0,-58462,1000,-21730
2550,-720000,-716699,-5319607,0,-27564,1000,-21129
2555,-720000,-716531,-5326325,0,-43872,-1000,24134
2560,-720000,-717327,-5329236,0,-51923,1000,-19670
2565,-720000,-716496,-5334717,0,-24692,-1000,23631
2570,-720000,-716967,-5334582,0,-56487,-1000,22756
2575,-720000,-717268,-5330891,0,-20667,1000,-22706
2580,-720000,-717659,-5330629,0,-40359,-1000,20919
2585,-720000,-718739,-5327466,0,-50256,1000,-22538
2590,-720000,-718043,-5327638,0,-23897,-1000,21116
2595,-720000,-718575,-5322915,0,-56154,-1000,20588
2600,-720000,-718825,-5315210,0,-40487,1000,-24609
2605,-720000,-718065,-5311436,0,-32718,-1000,19254
2610,-720000,-718912,-5305200,0,-60026,1000,-23995
2615,-720000,-718449,-5304676,0,-16026,-1000,-23075
2620,-720000,-719618,-5307791,0,-52103,-1000,22428
2625,-720000,-720194,-5307608,0,-38513,1000,-21130
2630,-720000,-719592,-5310388,0,-31769,-1000,22350
2635,-720000,-720512,-5309887,0,-59667,1000,-21277
2640,-720000,-720078,-5314318,0,-28128,1000,-20733
2645,-720000,-719870,-5321769,0,-44103,-1000,24482
2650,-720000,-720649,-5325321,0,-52000,1000,-19366
2655,-720000,-719811,-5331363,0,-22795,-1000,23897
2660,-720000,-721460,-5333654,0,-55051,1000,-19960
2665,-720000,-721399,-5340527,0,-25795,1000,-19576
2670,-720000,-721374,-5350114,0,-43000,-1000,25495
2675,-720000,-722240,-5355536,0,-51564,1000,-18479
2680,-720000,-721436,-5363215,0,-24538,-1000,24673
2685,-720000,-721919,-5365002,0,-56410,-1000,23668
2690,-720000,-722149,-5362992,0,-40590,1000,-21909
2695,-720000,-721381,-5364138,0,-32769,-1000,21580
2700,-720000,-723079,-5362207,0,-46333,1000,-21954
2705,-720000,-722702,-5363451,0,-21897,-1000,21623
2710,-720000,-723396,-5359671,0,-55103,-1000,21035
2715,-720000,-723728,-5352790,0,-40051,1000,-24218
2720,-720000,-723001,-5349738,0,-32538,-1000,19597
2725,-720000,-723862,-5344133,0,-59949,1000,-23696
2730,-720000,-723405,-5344161,0,-28256,1000,-22814
2735,-720000,-723187,-5347760,0,-44154,-1000,22656
2740,-720000,-724441,-5347941,0,-34026,1000,-20963
2745,-720000,-724203,-5351035,0,-29487,-1000,22499
2750,-720000,-725309,-5350808,0,-58487,1000,-21146
2755,-720000,-724970,-5355480,0,-27564,1000,-20619
2760,-720000,-724802,-5363141,0,-43897,-1000,24582
2765,-720000,-725598,-5366878,0,-51923,1000,-19279
2770,-720000,-724766,-5373081,0,-24692,-1000,23973
2775,-720000,-725238,-5373577,0,-56487,-1000,23056
2780,-720000,-725539,-5370438,0,-20667,1000,-22445
2785,-720000,-725930,-5370603,0,-40359,-1000,21116
2790,-720000,-727009,-5367807,0,-50231,1000,-22365
2795,-720000,-726314,-5368294,0,-23897,-1000,21264
2800,-720000,-726845,-5363852,0,-56128,-1000,20722
2805,-720000,-727095,-5356393,0,-40462,1000,-24493
2810,-720000,-726335,-5352834,0,-32692,-1000,19356
2815,-720000,-727183,-5346786,0,-60051,1000,-23906
2820,-720000,-726719,-5346427,0,-16000,-1000,-22997
2825,-720000,-727889,-5349686,0,-52103,-904,22496
2830,-720000,-728394,-5349618,0,-36692,1000,-21079
2835,-720000,-727744,-5352509,0,-28718,-1000,22402
2840,-720000,-728639,-5352105,0,-55974,1000,-21231
2845,-720000,-728194,-5356621,0,-24154,1000,-20692
2850,-720000,-727980,-5364146,0,-39974,-1000,24517
2855,-720000,-728757,-5367762,0,-47821,1000,-19335
2860,-720000,-727918,-5373862,0,-18590,-1000,23923
2865,-720000,-729566,-5376203,0,-50923,1000,-19936
2870,-720000,-728947,-5383119,0,-9410,1000,-19555
2875,-720000,-728405,-5392744,0,-14410,-1000,25514
2880,-720000,-729025,-5398199,0,-17231,1000,-18464
2885,-720000,-728115,-5405907,0,12256,-1000,24686
2890,-720000,-728555,-5407720,0,-18615,-1000,23679
2895,-720000,-728767,-5405733,0,-2385,1000,-21899
2900,-720000,-727991,-5406899,0,5615,-1000,21590
2905,-720000,-729686,-5404984,0,-7872,1000,-21946
2910,-720000,-728454,-5406243,0,20667,-1000,21630
2915,-720000,-728078,-5402476,0,3385,-1000,21042
2920,-720000,-727963,-5395607,0,24590,1000,-24212
2925,-720000,-727026,-5392565,0,35231,-1000,19601
2930,-720000,-727795,-5386969,0,9231,1000,-23692
2935,-720000,-727302,-5387005,0,41462,1000,-22809
2940,-720000,-727072,-5390611,0,25692,-1000,22660
2945,-720000,-728320,-5390798,0,35897,1000,-20961
2950,-720000,-727601,-5393897,0,22538,-1000,22501
2955,-720000,-727260,-5393674,0,8513,1000,-21144
2960,-720000,-726200,-5398350,0,48000,1000,-20617
2965,-720000,-725681,-5406015,0,36154,-1000,24584
2970,-720000,-726313,-5409754,0,30308,1000,-19278
2975,-720000,-725410,-5415960,0,58641,-1000,23975
2980,-720000,-725853,-5416459,0,27308,-1000,23057
2985,-720000,-726142,-5413322,0,63333,1000,-22444
2990,-720000,-726451,-5413489,0,23795,-1000,21117
2995,-720000,-725893,-5410694,0,23615,1000,-22364
3000,-720000,-724368,-5411182,0,55179,-1000,21264
3005,-720000,-724493,-5406741,0,25564,-1000,20722
3010,-720000,-724552,-5399283,0,42564,1000,-24492
3015,-720000,-723704,-5395725,0,51051,-1000,19357
3020,-720000,-724518,-5389678,0,23974,1000,-23905
3025,-720000,-724041,-5389319,0,68103,-1000,-22996
3030,-720000,-725204,-5392579,0,19769,1000,22496
3035,-720000,-724314,-5392512,0,33795,1000,-21078
3040,-720000,-722755,-5395403,0,46564,-1000,22402
3045,-720000,-723206,-5394999,0,21692,1000,-21231
3050,-720000,-722550,-5399516,0,54718,1000,-20692
3055,-720000,-722239,-5407041,0,39538,-1000,24517
3060,-720000,-722977,-5410658,0,31949,1000,-19335
3065,-720000,-722122,-5416758,0,61308,-1000,23924
3070,-720000,-723763,-5419099,0,27154,1000,-19936
3075,-720000,-722521,-5424080,0,44692,1000,23394
3080,-720000,-721397,-5423507,0,34410,-1000,22549
3085,-720000,-721718,-5419432,0,29385,1000,-22888
3090,-720000,-720657,-5418835,0,58103,-1000,20761
3095,-720000,-721019,-5413443,0,27077,-1000,20272
3100,-720000,-721200,-5405152,0,43308,1000,-24887
3105,-720000,-720411,-5400865,0,51308,-1000,19012
3110,-720000,-722100,-5394181,0,37821,1000,-24207
3115,-720000,-720866,-5391329,0,46641,-1000,19688
3120,-720000,-720299,-5383966,0,21205,-1000,19337
3125,-720000,-720004,-5373951,0,40333,1000,-25703
3130,-720000,-718974,-5368156,0,49923,-1000,18297
3135,-720000,-719696,-5360151,0,23436,1000,-24833
3140,-720000,-719179,-5358079,0,55615,1000,-23809
3145,-720000,-718937,-5359840,0,39897,-1000,21785
3150,-720000,-720180,-5358477,0,50103,1000,-21689
3155,-720000,-719459,-5360220,0,36744,-1000,21859
3160,-720000,-719116,-5358812,0,16718,1000,-21706
3165,-720000,-718055,-5362449,0,52154,1000,-21109
3170,-720000,-717536,-5369205,0,38231,-1000,24153
3175,-720000,-718168,-5372149,0,31333,1000,-19654
3180,-720000,-717265,-5377660,0,59103,-1000,23645
3185,-720000,-717707,-5377550,0,27564,-1000,22769
3190,-720000,-717997,-5373880,0,63436,1000,-22696
3195,-720000,-718306,-5373637,0,23872,-1000,20928
3200,-720000,-717748,-5370490,0,23641,1000,-22530
3205,-720000,-716223,-5370676,0,55179,-1000,21122
3210,-720000,-716348,-5365965,0,25564,-1000,20594
3215,-720000,-716407,-5358271,0,42564,1000,-24604
3220,-720000,-715559,-5354507,0,51051,-1000,19259
3225,-720000,-716373,-5348279,0,23974,1000,-23991
3230,-720000,-715896,-5347763,0,68077,-1000,-23072
3235,-720000,-717059,-5350885,0,19769,1000,22431
3240,-720000,-716174,-5350708,0,33667,1000,-21127
3245,-720000,-714732,-5353493,0,43436,-1000,22352
3250,-720000,-715244,-5352996,0,17000,1000,-21274
3255,-720000,-714620,-5357431,0,49205,1000,-20731
3260,-720000,-714324,-5364885,0,33641,-1000,24484
3265,-720000,-715071,-5368440,0,25821,1000,-19364
3270,-720000,-714219,-5374485,0,55103,-1000,23898
3275,-720000,-715863,-5376778,0,20872,1000,-19959
3280,-720000,-714621,-5381717,0,39256,-158,23374
3285,-720000,-714344,-5381108,0,9949,-1000,22532
3290,-720000,-715216,-5377001,0,-7846,1000,-22903
3295,-720000,-714415,-5376376,0,14923,-1000,20748
3300,-720000,-714899,-5370959,0,-18872,-1000,20260
3305,-720000,-715130,-5362647,0,-3744,1000,-24897
3310,-720000,-714361,-5358342,0,3821,-1000,19003
3315,-720000,-716059,-5351641,0,-9846,1000,-24215
3320,-720000,-714829,-5348775,0,26,-1000,19681
3325,-720000,-715447,-5343335,0,-31513,-834,-23617
3330,-720000,-716141,-5343507,0,-25615,1000,-22745
3335,-720000,-715580,-5347232,0,-22282,-1000,22716
3340,-720000,-716520,-5347524,0,-51692,1000,-20911
3345,-720000,-716097,-5352649,0,-20846,1000,-20404
3350,-720000,-715888,-5360707,0,-37000,-1000,24770
3355,-720000,-717144,-5364791,0,-26923,1000,-19114
3360,-720000,-716428,-5371299,0,-40308,-1000,24117
3365,-720000,-716942,-5373997,0,-44718,1000,-19767
3370,-720000,-717157,-5381226,0,-20692,1000,-19406
3375,-720000,-717273,-5391125,0,-40590,-1000,25643
3380,-720000,-718212,-5396819,0,-50564,1000,-18351
3385,-720000,-717444,-5404736,0,-24231,-1000,24786
3390,-720000,-717939,-5406732,0,-56487,-1000,23767
3395,-720000,-718248,-5404906,0,-20821,1000,-21822
3400,-720000,-718566,-5406213,0,-60487,-1000,21656
3405,-720000,-718491,-5404421,0,-42718,1000,-21888
3410,-720000,-718428,-5405788,0,-20154,-1000,21681
3415,-720000,-719284,-5402115,0,-54359,-1000,21086
3420,-720000,-719699,-5395328,0,-39795,1000,-24173
3425,-720000,-719015,-5392358,0,-32590,-1000,19636
3430,-720000,-719893,-5386825,0,-60205,1000,-23661
3435,-720000,-719438,-5386916,0,-16231,-1000,-22783
3440,-720000,-720612,-5390569,0,-64641,1000,22683
3445,-720000,-719804,-5390799,0,-30718,1000,-20941
3450,-720000,-719893,-5393935,0,-27487,-1000,22519
3455,-720000,-721184,-5393742,0,-57590,1000,-21131
3460,-720000,-720940,-5398446,0,-27256,1000,-20604
3465,-720000,-720820,-5406135,0,-43872,-1000,24595
3470,-720000,-721638,-5409896,0,-52154,1000,-19267
3475,-720000,-720810,-5416122,0,-23000,-1000,23984
3480,-720000,-722464,-5418573,0,-57256,1000,-19884
3485,-720000,-721227,-5423651,0,-27436,-1000,23440
3490,-720000,-721577,-5423163,0,-38051,-1000,22589
3495,-720000,-722868,-5419162,0,-49179,1000,-22853
3500,-720000,-722281,-5418630,0,-23513,-1000,20791
3505,-720000,-722867,-5413295,0,-56077,-1000,20299
3510,-720000,-723144,-5405054,0,-40667,1000,-24863
3515,-720000,-722390,-5400811,0,-32974,-1000,19033
3520,-720000,-724093,-5394165,0,-46564,1000,-24189
3525,-720000,-722865,-5391347,0,-35795,-1000,19704
3530,-720000,-723485,-5385948,0,-49410,-1000,-23598
3535,-720000,-724302,-5386157,0,-37256,1000,-22728
3540,-720000,-723825,-5389914,0,-31282,-1000,22732
3545,-720000,-724807,-5390234,0,-59538,1000,-20898
3550,-720000,-724405,-5395383,0,-28256,1000,-20392
3555,-720000,-724205,-5403462,0,-44359,-1000,24781
3560,-720000,-725465,-5407564,0,-34256,1000,-19105
3565,-720000,-724752,-5414089,0,-47692,-1000,24126
3570,-720000,-725267,-5416801,0,-51923,1000,-19760
3575,-720000,-725482,-5424042,0,-24333,1000,-19401
3580,-720000,-725599,-5433952,0,-42385,-1000,25648
3585,-720000,-726538,-5439656,0,-51436,1000,-18346
3590,-720000,-725770,-5447582,0,-24641,-1000,24789
3595,-720000,-726265,-5449585,0,-56667,-1000,23770
3600,-720000,-726574,-5447765,0,-20923,1000,-21820
3605,-720000,-726892,-5449076,0,-60564,-1000,21659
3610,-720000,-726817,-5447289,0,-42744,1000,-21886
3615,-720000,-726664,-5448659,0,-17846,-1000,21683
3620,-720000,-727384,-5444990,0,-48564,-1000,21088
3625,-720000,-727729,-5438207,0,-32231,1000,-24172
3630,-720000,-727009,-5435240,0,-24077,-1000,19637
3635,-720000,-727871,-5429709,0,-51282,1000,-23660
3640,-720000,-727409,-5429802,0,-7154,-1000,-22782
3645,-720000,-728580,-5433457,0,-55462,1000,22684
3650,-720000,-727770,-5433688,0,-21487,1000,-20940
3655,-720000,-727468,-5436825,0,-11436,-1000,22520
3660,-720000,-728055,-5436633,0,-26538,1000,-21131
3665,-720000,-727343,-5439403,0,14231,1000,22345
3670,-720000,-726739,-5436959,0,9231,-1000,21668
3675,-720000,-727327,-5431248,0,6513,1000,-23664
3680,-720000,-726402,-5429219,0,37974,-1000,20081
3685,-720000,-728013,-5424509,0,4744,1000,-23271
3690,-720000,-726755,-5423385,0,35051,-1000,20507
3695,-720000,-727017,-5417533,0,8872,-1000,20053
3700,-720000,-727146,-5408840,0,18128,1000,-25077
3705,-720000,-726334,-5404202,0,33513,-1000,18845
3710,-720000,-725984,-5395274,0,14179,-1000,18596
3715,-720000,-725800,-5383890,0,36436,1000,-26353
3720,-720000,-724828,-5376897,0,47615,-1000,17729
3725,-720000,-726432,-5367844,0,35615,1000,-25330
3730,-720000,-725154,-5362920,0,47179,-1000,18706
3735,-720000,-725747,-5355679,0,21718,1000,-24472
3740,-720000,-725165,-5354275,0,54410,1000,-23491
3745,-720000,-724891,-5356621,0,39077,-1000,22063
3750,-720000,-724795,-5355769,0,17590,1000,-21447
3755,-720000,-723861,-5359894,0,52282,1000,-20877
3760,-720000,-723407,-5367077,0,38000,-1000,24356
3765,-720000,-724551,-5370396,0,48821,1000,-19477
3770,-720000,-723779,-5376234,0,35769,-1000,23800
3775,-720000,-724264,-5378346,0,29744,1000,-20045
3780,-720000,-723285,-5383127,0,58000,-1000,23300
3785,-720000,-723691,-5382379,0,26692,-1000,22465
3790,-720000,-723414,-5378151,0,24821,1000,-22960
3795,-720000,-722034,-5377419,0,55462,-1000,20697
3800,-720000,-722233,-5371910,0,25410,-1000,20216
3805,-720000,-722407,-5363517,0,62103,1000,-24935
3810,-720000,-722658,-5359141,0,22872,-1000,18969
3815,-720000,-722550,-5352378,0,40846,1000,-24244
3820,-720000,-721616,-5349458,0,49872,-1000,19656
3825,-720000,-722387,-5343970,0,23077,1000,-23640
3830,-720000,-721818,-5344101,0,35205,1000,-22765
3835,-720000,-720425,-5347790,0,46974,-1000,22699
3840,-720000,-720960,-5348050,0,21615,1000,-20926
3845,-720000,-720348,-5353148,0,66641,-1000,-20417
3850,-720000,-721445,-5361181,0,18718,1000,24759
3855,-720000,-720598,-5365243,0,52872,1000,-19124
3860,-720000,-720188,-5371732,0,38308,-1000,24108
3865,-720000,-720876,-5374413,0,31051,1000,-19775
3870,-720000,-720002,-5379693,0,46359,1000,23536
3875,-720000,-719067,-5379381,0,34949,-1000,22673
3880,-720000,-719485,-5375535,0,29359,1000,-22780
3885,-720000,-718473,-5375137,0,59744,-1000,20855
3890,-720000,-720040,-5371856,0,26000,1000,-22594
3895,-720000,-718758,-5371934,0,56103,-1000,21073
3900,-720000,-719009,-5367120,0,25718,-1000,20546
3905,-720000,-719132,-5359335,0,42333,1000,-24647
3910,-720000,-718317,-5355490,0,48641,-1000,19221
3915,-720000,-717966,-5347257,0,21923,-1000,18925
3920,-720000,-717781,-5336481,0,40385,1000,-26065
3925,-720000,-716808,-5330020,0,49641,-1000,17981
3930,-720000,-718413,-5321433,0,36641,1000,-25110
3935,-720000,-717134,-5316917,0,47692,-1000,18899
3940,-720000,-717728,-5310032,0,21974,1000,-24302
3945,-720000,-717145,-5308941,0,54538,1000,-23344
3950,-720000,-716872,-5311560,0,39128,-1000,22192
3955,-720000,-716775,-5310948,0,17641,1000,-21333
3960,-720000,-715841,-5315282,0,52308,1000,-20778
3965,-720000,-715387,-5322648,0,38000,-1000,24443
3970,-720000,-716531,-5326126,0,48846,1000,-19401
3975,-720000,-715759,-5332104,0,35795,-1000,23866
3980,-720000,-716244,-5334338,0,29769,1000,-19986
3985,-720000,-715266,-5339227,0,58000,-1000,23350
3990,-720000,-715671,-5338573,0,26718,-1000,22510
3995,-720000,-715405,-5334427,0,24538,1000,-22922
4000,-720000,-714055,-5333768,0,54410,-1000,20731
4005,-720000,-714269,-5328322,0,23974,-1000,20246
4010,-720000,-714451,-5319983,0,60462,1000,-24909
4015,-720000,-714706,-5315655,0,21128,-1000,18992
4020,-720000,-714600,-5308934,0,39077,1000,-24225
4025,-720000,-713667,-5306050,0,48051,-1000,19673
4030,-720000,-714438,-5300595,0,21282,1000,-23624
4035,-720000,-713894,-5300754,0,33205,1000,-22751
4040,-720000,-713006,-5304467,0,32692,-1000,22710
4045,-720000,-713805,-5304749,0,923,1000,-20916
4050,-720000,-713325,-5309865,0,42744,-1000,-20409
4055,-720000,-714491,-5317915,0,-6872,1000,24766
4060,-720000,-713679,-5321992,0,26436,1000,-19117
4065,-720000,-713287,-5328494,0,11436,-1000,24114
4070,-720000,-713984,-5331187,0,3974,1000,-19769
4075,-720000,-713113,-5336477,0,22949,-1000,23540
4080,-720000,-713587,-5336174,0,-13026,-1000,22677
4085,-720000,-714125,-5332335,0,-15795,1000,-22777
4090,-720000,-713507,-5331944,0,7462,-1000,20858
4095,-720000,-715275,-5328668,0,-29897,1000,-22591
4100,-720000,-714511,-5328751,0,-12308,-1000,21075
4105,-720000,-714743,-5323942,0,-41795,-1000,20548
4110,-720000,-714918,-5316161,0,-26308,1000,-24645
4115,-720000,-714126,-5312320,0,-18538,-1000,19222
4120,-720000,-714961,-5306025,0,-43410,1000,-24023
4125,-720000,-714492,-5305450,0,-4436,1000,-23099
4130,-720000,-714269,-5308521,0,-16923,-1000,22406
4135,-720000,-715520,-5308303,0,-5154,1000,-21146
4140,-720000,-714803,-5311049,0,-2487,-1000,22334
4145,-720000,-715316,-5310518,0,-25231,1000,-21291
4150,-720000,-714888,-5312987,0,4538,456,22203
4155,-720000,-714800,-5310279,0,-15179,-1000,21544
4160,-720000,-715697,-5304337,0,-26385,1000,-23773
4165,-720000,-714908,-5302106,0,-513,-1000,19986
4170,-720000,-715394,-5295285,0,-32769,-1000,19594
4175,-720000,-715698,-5285744,0,2923,1000,-25479
4180,-720000,-716014,-5280363,0,-36744,-1000,18493
4185,-720000,-715939,-5272721,0,-18974,1000,-24662
4190,-720000,-715022,-5269031,0,5538,-1000,19291
4195,-720000,-715802,-5262870,0,-28769,-264,-23959
4200,-720000,-716166,-5262412,0,-13846,1000,-23043
4205,-720000,-715385,-5265585,0,-4590,-1000,22455
4210,-720000,-716224,-5265449,0,-31436,1000,-21110
4215,-720000,-715757,-5270208,0,12769,-1000,-20577
4220,-720000,-716925,-5277946,0,-35538,1000,24618
4225,-720000,-716114,-5281750,0,-1564,1000,-19247
4230,-720000,-715723,-5288013,0,-16231,-1000,24001
4235,-720000,-716420,-5290496,0,-22282,1000,-19869
4240,-720000,-715801,-5295602,0,13205,-1000,23453
4245,-720000,-716483,-5295138,0,-26026,-1000,22600
4250,-720000,-716808,-5291159,0,-22462,1000,-22843
4255,-720000,-716079,-5290645,0,3872,-1000,20800
4260,-720000,-717718,-5287262,0,-30128,1000,-22642
4265,-720000,-716913,-5287286,0,-11462,-1000,21048
4270,-720000,-717081,-5282428,0,-39282,-1000,20525
4275,-720000,-717162,-5274605,0,-21385,1000,-24665
4280,-720000,-716325,-5270727,0,-4513,-1000,19205
4285,-720000,-717145,-5264400,0,-26436,1000,-24038
4290,-720000,-716670,-5263797,0,7795,1000,-23113
4295,-720000,-716445,-5266843,0,-7128,-1000,22395
4300,-720000,-717695,-5266604,0,821,1000,-21156
4305,-720000,-716990,-5269331,0,3538,-1000,22325
4310,-720000,-717540,-5268784,0,-22923,1000,-21299
4315,-720000,-716596,-5271240,0,17974,-1000,22196
4320,-720000,-717018,-5268520,0,-15744,-1000,21538
4325,-720000,-717228,-5262567,0,-9667,1000,-23778
4330,-720000,-716452,-5260327,0,15744,-1000,19981
4335,-720000,-717293,-5255433,0,-25692,1000,-23359
4340,-720000,-716827,-5256083,0,29744,-873,-22519
4345,-720000,-717902,-5260225,0,-28821,-278,22915
4350,-720000,-717890,-5260883,0,-11821,1000,-20737
4355,-720000,-716921,-5264393,0,-1154,-1000,22696
4360,-720000,-717675,-5264471,0,-27128,1000,-21008
4365,-720000,-717174,-5269410,0,5282,1000,-20492
4370,-720000,-716939,-5277305,0,-10333,-1000,24693
4375,-720000,-717707,-5281246,0,-18103,1000,-19182
4380,-720000,-716864,-5287629,0,11077,-1000,24058
4385,-720000,-718511,-5290217,0,-24590,1000,-19819
4390,-720000,-717394,-5295416,0,15308,-1000,23497
4395,-720000,-717782,-5295033,0,-20487,-1000,22639
4400,-720000,-717976,-5291124,0,-15462,1000,-22809
4405,-720000,-717193,-5290673,0,9590,-1000,20829
4410,-720000,-718031,-5287344,0,-31949,1000,-22617
4415,-720000,-717564,-5289319,0,1513,1000,-21893
4420,-720000,-717341,-5294634,0,-4744,-1000,23470
4425,-720000,-718515,-5296317,0,-4897,1000,-20251
4430,-720000,-718034,-5300725,0,-9462,-1000,23122
4435,-720000,-719015,-5301585,0,-42000,1000,-20638
4440,-720000,-718612,-5307205,0,-12462,1000,-20169
4445,-720000,-718412,-5315697,0,-29154,-1000,24976
4450,-720000,-719193,-5320161,0,-37282,1000,-18934
4455,-720000,-718355,-5327001,0,-10103,-1000,24275
4460,-720000,-718823,-5328055,0,-41923,-1000,23320
4465,-720000,-719124,-5325403,0,-9718,1000,-22214
4470,-720000,-719514,-5325987,0,-34846,-1000,21314
4475,-720000,-720594,-5323564,0,-47538,1000,-22188
4480,-720000,-719898,-5324377,0,-22615,-1000,21418
4485,-720000,-720429,-5320221,0,-55564,-1000,20857
4490,-720000,-720679,-5313012,0,-40231,1000,-24374
4495,-720000,-719919,-5309672,0,-32615,-1000,19460
4500,-720000,-720767,-5303815,0,-60000,1000,-23815
4505,-720000,-720303,-5303622,0,-16000,-1000,-22918
4510,-720000,-721473,-5307028,0,-52103,-1000,22565
4515,-720000,-722049,-5307050,0,-38513,1000,-21038
4520,-720000,-721447,-5310012,0,-31769,-1000,22437
4525,-720000,-722367,-5309670,0,-59667,1000,-21201
4530,-720000,-721933,-5314240,0,-28128,1000,-20667
4535,-720000,-721725,-5321813,0,-44103,-1000,24540
4540,-720000,-722504,-5325471,0,-52000,1000,-19315
4545,-720000,-721665,-5331607,0,-22769,-1000,23941
4550,-720000,-723314,-5333980,0,-55026,1000,-19921
4555,-720000,-723254,-5340925,0,-25795,1000,-19542
4560,-720000,-723229,-5350574,0,-43000,-1000,25525
4565,-720000,-724095,-5356050,0,-51590,1000,-18454
4570,-720000,-723291,-5363777,0,-24538,-1000,24695
4575,-720000,-723774,-5365606,0,-56410,-1000,23687
4580,-720000,-724004,-5363633,0,-40590,1000,-21892
4585,-720000,-723235,-5364812,0,-32744,-1000,21596
4590,-720000,-724933,-5362909,0,-46308,1000,-21941
4595,-720000,-724556,-5364178,0,-21872,-1000,21634
4600,-720000,-725251,-5360419,0,-55128,-1000,21046
4605,-720000,-725583,-5353558,0,-40051,1000,-24209
4610,-720000,-724856,-5350522,0,-32538,-1000,19604
4615,-720000,-725717,-5344932,0,-59949,1000,-23689
4620,-720000,-725260,-5344973,0,-28256,1000,-22807
4625,-720000,-725042,-5348583,0,-44179,-1000,22662
4630,-720000,-726295,-5348774,0,-34026,1000,-20959
4635,-720000,-726058,-5351876,0,-29487,-1000,22503
4640,-720000,-727163,-5351655,0,-58462,1000,-21144
4645,-720000,-726824,-5356333,0,-27564,1000,-20616
4650,-720000,-726657,-5363999,0,-43897,-1000,24585
4655,-720000,-727452,-5367740,0,-51897,1000,-19277
4660,-720000,-726621,-5373948,0,-24692,-1000,23976
4665,-720000,-727092,-5374448,0,-56487,-1000,23058
4670,-720000,-727394,-5371313,0,-20667,1000,-22443
4675,-720000,-727780,-5371481,0,-40256,-1000,21117
4680,-720000,-728759,-5368688,0,-47538,1000,-22363
4685,-720000,-728011,-5369177,0,-19846,-1000,21265
4690,-720000,-728516,-5364737,0,-51436,-1000,20722
4695,-720000,-728753,-5357280,0,-35436,1000,-24492
4700,-720000,-727988,-5353722,0,-27538,-1000,19357
4705,-720000,-728832,-5347675,0,-54769,1000,-23905
4710,-720000,-728368,-5347317,0,-10718,-1000,-22996
4715,-720000,-729537,-5350577,0,-47538,119,22496
4720,-720000,-729295,-5350510,0,-15282,1000,-21078
4725,-720000,-728162,-5353402,0,3897,-1000,22403
4730,-720000,-728831,-5352999,0,-18154,1000,-21231
4735,-720000,-728287,-5357516,0,15923,1000,-20692
4740,-720000,-728032,-5365041,0,1026,-1000,24517
4745,-720000,-728797,-5368658,0,-6564,1000,-19335
4750,-720000,-727954,-5374758,0,22769,-1000,23924
4755,-720000,-729601,-5377099,0,-10564,1000,-19936
4760,-720000,-728362,-5382080,0,25436,1000,23395
4765,-720000,-727239,-5381508,0,24692,-1000,22549
4770,-720000,-727561,-5377433,0,24538,1000,-22888
4775,-720000,-726500,-5376836,0,55769,-1000,20761
4780,-720000,-726863,-5371445,0,25974,-1000,20272
4785,-720000,-727043,-5363154,0,42821,1000,-24887
4790,-720000,-726254,-5358867,0,51077,-1000,19012
4795,-720000,-727944,-5352183,0,37692,1000,-24207
4800,-720000,-726709,-5349331,0,46590,-1000,19688
4805,-720000,-726143,-5341968,0,21179,-1000,19337
4810,-720000,-725848,-5331953,0,40308,1000,-25703
4815,-720000,-724818,-5326158,0,49897,-1000,18297
4820,-720000,-725540,-5318153,0,23410,1000,-24833
4825,-720000,-725023,-5316081,0,55590,1000,-23809
4830,-720000,-724781,-5317842,0,39872,-1000,21785
4835,-720000,-726024,-5316479,0,50103,1000,-21689
4840,-720000,-725303,-5318222,0,36718,-1000,21859
4845,-720000,-724960,-5316814,0,16718,1000,-21706
4850,-720000,-723899,-5320451,0,52154,1000,-21109
4855,-720000,-723380,-5327207,0,38231,-1000,24153
4860,-720000,-724012,-5330151,0,31333,1000,-19654
4865,-720000,-723108,-5335662,0,59128,-1000,23645
4870,-720000,-723551,-5335552,0,27538,-1000,22769
4875,-720000,-723841,-5331882,0,63436,1000,-22696
4880,-720000,-724149,-5331639,0,23872,-1000,20928
4885,-720000,-723591,-5328492,0,23667,1000,-22530
4890,-720000,-722066,-5328678,0,55205,-1000,21122
4895,-720000,-722191,-5323967,0,25590,-1000,20594
4900,-720000,-722250,-5316273,0,42590,1000,-24604
4905,-720000,-721403,-5312509,0,51051,-1000,19259
4910,-720000,-722217,-5306281,0,23974,1000,-23991
4915,-720000,-721740,-5305765,0,68077,-1000,-23072
4920,-720000,-722903,-5308887,0,19744,1000,22431
4925,-720000,-722013,-5308710,0,33795,1000,-21127
4930,-720000,-720454,-5311495,0,46564,-1000,22352
4935,-720000,-720904,-5310998,0,21718,1000,-21274
4940,-720000,-720249,-5315433,0,54718,1000,-20731
4945,-720000,-719937,-5322887,0,39538,-1000,24484
4950,-720000,-720675,-5326442,0,31974,1000,-19364
4955,-720000,-719820,-5332487,0,61308,-1000,23898
4960,-720000,-721462,-5334780,0,27128,1000,-19959
4965,-720000,-720219,-5339719,0,44692,1000,23374
4970,-720000,-719095,-5339110,0,34410,-1000,22532
4975,-720000,-719417,-5335003,0,29359,1000,-22903
4980,-720000,-718355,-5334378,0,58103,-1000,20748
4985,-720000,-718718,-5328961,0,27077,-1000,20260
4990,-720000,-718898,-5320649,0,43333,1000,-24897
4995,-720000,-718109,-5316344,0,51308,-1000,19003
TRACE END
