TRACE BEGIN axis=1 rows=1000 kp=0.00025 ki=8e-07 kv=1e-06 kd=0 kff=0 ff=1 pwm=25000 target=720 duration=5 vmax=1100 accel=2200 vscale=1 ascale=0.35 vsrc=1 vwin=40 valpha=0.05
t_ms,ref_mdeg,enc_mdeg,hat_mdeg,vref_mdegs,what_mdegs,duty_milli,cur_01ma
0,0,0,0,0,0,19,0
5,10,42,12,3850,1077,23,273
10,126,126,83,13930,3231,38,256
15,263,263,214,20125,6744,42,479
20,470,470,436,26904,12051,46,514
25,732,732,751,33575,18769,51,538
30,1043,1043,1163,40078,26744,56,556
35,1398,1398,1676,46400,35846,60,564
40,1794,1794,2291,52562,45974,64,567
45,2230,2230,3006,58602,55692,68,567
50,2703,2703,3820,64518,65538,72,555
55,3214,3214,4731,70353,74744,76,541
60,3760,3760,5733,76095,83128,80,523
65,4342,4342,6819,81772,91051,84,502
70,4959,4959,7985,87389,98667,88,476
75,5406,5586,9216,91239,105436,46,292
80,5871,6093,10452,95089,108077,38,-243
85,6356,6482,11584,98939,106667,65,-277
90,6861,6902,12620,102789,105128,88,78
95,7384,7439,13636,106639,105615,88,230
100,7927,8049,14656,110489,107051,73,25
105,8489,8646,15626,114339,107256,67,-291
110,9071,9206,16477,118189,105641,75,-439
115,9671,9771,17181,122039,104359,87,-361
120,10291,10385,17763,125889,107923,91,-200
125,10930,11046,18260,129739,115051,88,-97
130,11588,11724,18698,133589,121128,86,-40
135,12266,12401,19092,137439,124179,89,51
140,12963,13086,19469,141289,126026,94,217
145,13679,13798,19869,145139,129179,98,405
150,14414,14539,20338,148989,133897,99,546
155,15169,15304,20906,152839,138846,99,624
160,15943,16081,21592,156689,142744,101,650
165,16736,16871,22398,160539,145872,104,636
170,17548,17682,23320,164389,149282,107,625
175,18379,18515,24354,168239,153282,110,609
180,19230,19371,25491,172089,157564,111,526
185,20100,20245,26710,175939,161564,113,408
190,20990,21135,27979,179789,165231,115,283
195,21898,22043,29268,183639,168846,118,174
200,22826,22972,30550,187489,172692,120,75
205,23773,23922,31803,191339,176667,122,-8
210,24739,24891,33005,195189,180641,124,-70
215,25725,25879,34144,199039,184462,126,-94
220,26730,26885,35216,202889,188205,129,-87
225,27754,27910,36226,206739,192026,131,-43
230,28797,28955,37185,210589,195897,133,24
235,29860,30020,38111,214439,199821,135,109
240,30942,31104,39023,218289,203667,137,199
245,32043,32207,39948,222139,207487,139,297
250,33163,33329,40907,225989,211333,142,384
255,34303,34470,41921,229839,215154,144,460
260,35461,35631,43007,233689,219051,146,513
265,36640,36811,44178,237539,222897,148,539
270,37837,38010,45436,241389,226744,150,538
275,39053,39228,46781,245239,230590,153,510
280,40289,40466,48205,249089,234436,155,465
285,41544,41723,49693,252939,238282,157,398
290,42819,42998,51230,256789,242128,160,327
295,44112,44294,52795,260639,246000,162,249
300,45425,45609,54371,264489,249846,164,179
305,46757,46943,55941,268339,253692,166,119
310,48108,48296,57490,272189,257538,168,75
315,49479,49669,59008,276039,261410,170,53
320,50869,51060,60491,279889,265231,172,47
325,52278,52471,61939,283739,269103,175,67
330,53706,53901,63357,287589,272949,177,101
335,55154,55350,64755,291439,276769,179,151
340,56621,56819,66145,295289,280641,181,211
345,58107,58307,67543,299139,284487,183,274
350,59612,59814,68965,302989,288333,186,333
355,61137,61341,70424,306839,292205,188,385
360,62680,62886,71932,310689,296026,190,425
365,64243,64451,73498,314539,299872,192,447
370,65826,66035,75126,318389,303718,194,456
375,67427,67639,76817,322239,307615,196,449
380,69048,69261,78568,326089,311436,199,422
385,70688,70903,80372,329939,315282,201,387
390,72348,72564,82219,333789,319128,203,341
395,74026,74244,84097,337639,322974,205,296
400,75724,75944,85995,341489,326846,208,246
405,77441,77663,87900,345339,330692,210,201
410,79177,79402,89803,349189,334564,212,170
415,80933,81159,91694,353039,338385,214,149
420,82708,82935,93570,356889,342231,216,141
425,84502,84731,95430,360739,346103,218,146
430,86315,86547,97274,364589,349974,220,166
435,88148,88381,99109,368439,353795,223,192
440,89999,90234,100942,372289,357615,225,231
445,91871,92107,102783,376139,361462,227,274
450,93761,93999,104642,379989,365333,229,314
455,95670,95911,106529,383839,369205,231,349
460,97599,97841,108451,387689,373026,234,378
465,99547,99791,110416,391539,376872,236,400
470,101515,101760,112427,395389,380718,238,409
475,103501,103749,114486,399239,384590,240,408
480,105507,105756,116592,403089,388436,243,394
485,107532,107783,118740,406939,392282,245,376
490,109576,109829,120927,410789,396128,247,347
495,111640,111895,123143,414639,400000,249,318
500,113723,113980,125381,418489,403846,251,286
505,115825,116083,127634,422339,407692,254,255
510,117946,118207,129894,426189,411564,255,236
515,120087,120349,132156,430039,415385,258,217
520,122247,122510,134416,433889,419231,260,209
525,124426,124691,136673,437739,423077,262,212
530,126624,126892,138927,441589,426949,264,219
535,128842,129111,141179,445439,430795,266,234
540,131078,131350,143435,449289,434641,269,255
545,133334,133607,145700,453139,438487,271,281
550,135610,135884,147980,456989,442308,273,310
555,137904,138181,150283,460839,446205,275,336
560,140218,140497,152613,464689,450051,277,356
565,142551,142832,154975,468539,453897,280,371
570,144904,145186,157373,472389,457744,282,380
575,147275,147559,159808,476239,461564,284,384
580,149666,149951,162281,480089,465410,286,381
585,152076,152364,164790,483939,469308,288,369
590,154505,154795,167331,487789,473154,290,354
595,156954,157245,169902,491639,477000,293,334
600,159422,159714,172497,495489,480821,295,315
605,161909,162204,175109,499339,484692,297,296
610,164415,164712,177735,503189,488538,299,278
615,166941,167239,180371,507039,492385,302,267
620,169486,169785,183013,510889,496231,304,256
625,172050,172352,185659,514739,500077,306,256
630,174633,174937,188310,518589,503949,308,259
635,177235,177541,190965,522439,507795,310,268
640,179857,180165,193629,526289,511641,312,281
645,182498,182807,196303,530139,515462,315,298
650,185159,185469,198992,533989,519333,317,317
655,187838,188151,201701,537839,523179,319,334
660,190537,190852,204433,541689,527051,321,350
665,193255,193572,207191,545539,530897,323,359
670,195992,196311,209979,549389,534744,326,368
675,198749,199069,212797,553239,538564,328,375
680,201525,201847,215647,557089,542436,330,373
685,204320,204644,218528,560939,546308,332,368
690,207134,207460,221437,564789,550154,334,359
695,209968,210295,224373,568639,553974,337,349
700,212821,213150,227332,572489,557821,339,334
705,215693,216024,230312,576339,561692,341,321
710,218584,218917,233308,580189,565538,343,310
715,221495,221829,236318,584039,569385,345,304
720,224424,224761,239339,587889,573256,348,294
725,227374,227712,242371,591739,577103,350,294
730,230342,230682,245412,595589,580949,352,295
735,233329,233671,248462,599439,584769,354,299
740,236336,236680,251524,603289,588641,356,309
745,239362,239708,254599,607139,592487,358,318
750,242408,242755,257689,610989,596359,361,328
755,245472,245821,260797,614839,600179,363,341
760,248556,248907,263926,618689,604026,365,355
765,251659,252012,267080,622539,607897,367,361
770,254781,255136,270258,626389,611744,369,364
775,257923,258279,273462,630239,615590,372,373
780,261084,261442,276694,634089,619436,374,373
785,264264,264624,279953,637939,623282,376,370
790,267463,267825,283238,641789,627128,378,364
795,270682,271045,286547,645639,630974,381,360
800,273920,274285,289879,649489,634846,383,352
805,277177,277544,293232,653339,638667,385,344
810,280453,280822,296603,657189,642538,387,336
815,283749,284120,299990,661039,646410,389,329
820,287063,287436,303392,664889,650231,391,324
825,290397,290772,306806,668739,654077,394,323
830,293751,294127,310234,672589,657949,396,325
835,297123,297502,313675,676439,661795,398,326
840,300515,300895,317130,680289,665641,400,329
845,303926,304308,320600,684139,669487,402,337
850,307357,307740,324086,687989,673333,405,345
855,310806,311191,327589,691839,677154,407,352
860,314275,314662,331112,695689,681026,409,358
865,317763,318152,334656,699539,684897,411,367
870,321270,321661,338223,703389,688744,413,371
875,324797,325190,341812,707239,692590,415,376
880,328343,328738,345427,711089,696462,417,377
885,331908,332304,349066,714939,700282,420,375
890,335492,335890,352729,718789,704128,422,376
895,339096,339496,356415,722639,708000,439,370
900,342718,343149,360129,726489,712564,433,518
905,346361,346841,363897,730339,717667,422,425
910,350022,350510,367692,734189,721667,423,255
915,353702,354163,371480,738039,724744,433,238
920,357402,357844,375261,741889,728077,441,337
925,361120,361572,379056,743422,732103,398,396
930,364827,365213,382851,739572,733410,401,-223
935,368515,368768,386527,735722,732000,431,-143
940,372184,372378,390115,731872,730538,443,231
945,375834,376079,393695,728022,730821,428,364
950,379465,379779,397286,724172,731744,408,175
955,383076,383398,400844,720322,730846,403,-33
960,386668,386945,404327,716472,727154,412,-25
965,390240,390483,407743,712622,722308,418,139
970,393794,394043,411132,708772,720923,414,264
975,397328,397603,414519,704922,721051,405,257
980,400843,401128,417899,701072,718333,400,199
985,404339,404610,421263,697222,712487,400,194
990,407815,408070,424610,693372,706667,402,250
995,411273,411524,427955,689522,702897,400,305
1000,414711,414969,431309,685672,700436,396,307
1005,418129,418392,434671,681822,697385,392,274
1010,421529,421789,438033,677972,693128,390,237
1015,424909,425161,441387,674122,688436,389,224
1020,428270,428518,444731,670272,684385,388,223
1025,431612,431860,448063,666422,680923,385,201
1030,434934,435184,451377,662572,677513,382,167
1035,438237,438486,454665,658722,673641,380,135
1040,441521,441766,457921,654872,669513,378,124
1045,444786,445028,461141,651022,665487,376,118
1050,448032,448272,464325,647172,661718,374,116
1055,451258,451497,467473,643322,658026,371,119
1060,454465,454703,470586,639472,654231,369,122
1065,457653,457888,473666,635622,650282,367,138
1070,460821,461054,476717,631772,646359,365,154
1075,463970,464201,479744,627922,642513,363,175
1080,467100,467330,482751,624072,638718,360,194
1085,470211,470439,485744,620222,634897,358,210
1090,473303,473530,488726,616372,631077,356,219
1095,476375,476599,491700,612522,627154,354,226
1100,479428,479650,494669,608672,623282,352,234
1105,482461,482682,497632,604822,619462,350,229
1110,485476,485695,500589,600972,615641,347,224
1115,488471,488689,503539,597122,611795,345,210
1120,491447,491662,506477,593272,607923,343,193
1125,494404,494617,509401,589422,604051,341,181
1130,497341,497553,512307,585572,600205,339,166
1135,500260,500470,515191,581722,596385,336,149
1140,503159,503367,518049,577872,592538,334,134
1145,506038,506244,520879,574022,588667,332,129
1150,508899,509103,523680,570172,584821,330,123
1155,511740,511943,526450,566322,580974,327,124
1160,514562,514763,529190,562472,577128,325,123
1165,517365,517564,531900,558622,573282,323,132
1170,520148,520345,534584,554772,569410,321,144
1175,522913,523108,537244,550922,565564,319,156
1180,525657,525851,539884,547072,561718,317,165
1185,528383,528575,542506,543222,557872,314,176
1190,531090,531280,545114,539372,554026,312,188
1195,533777,533965,547708,535522,550154,310,192
1200,536445,536631,550291,531672,546308,308,197
1205,539094,539278,552863,527822,542487,306,196
1210,541723,541906,555426,523972,538641,303,193
1215,544333,544514,557977,520122,534769,301,187
1220,546924,547103,560517,516272,530897,299,178
1225,549496,549673,563042,512422,527051,297,170
1230,552049,552224,565550,508572,523231,295,156
1235,554582,554756,568038,504722,519385,292,143
1240,557096,557267,570503,500872,515513,290,133
1245,559591,559760,572944,497022,511667,288,129
1250,562066,562234,575359,493172,507821,286,125
1255,564522,564688,577747,489322,503974,284,118
1260,566959,567123,580109,485472,500128,282,123
1265,569377,569539,582444,481622,496256,280,126
1270,571775,571936,584754,477772,492410,277,131
1275,574155,574314,587041,473922,488564,275,141
1280,576515,576672,589308,470072,484744,273,146
1285,578855,579010,591555,466222,480872,271,153
1290,581177,581330,593785,462372,477000,269,161
1295,583479,583631,596001,458522,473179,266,165
1300,585762,585912,598202,454672,469333,264,165
1305,588026,588173,600389,450822,465462,262,167
1310,590270,590416,602562,446972,461615,260,166
1315,592496,592640,604721,443122,457769,257,161
1320,594702,594844,606866,439272,453923,255,155
1325,596888,597029,608995,435422,450077,253,149
1330,599056,599194,611106,431572,446205,251,143
1335,601204,601341,613198,427722,442385,249,135
1340,603333,603469,615270,423872,438538,246,130
1345,605443,605576,617320,420022,434692,244,122
1350,607533,607664,619347,416172,430795,242,121
1355,609604,609734,621351,412322,426949,240,119
1360,611656,611785,623331,408472,423128,238,117
1365,613689,613815,625288,404622,419282,236,118
1370,615703,615827,627221,400772,415436,233,119
1375,617697,617819,629132,396922,411564,231,127
1380,619672,619793,631022,393072,407718,229,129
1385,621628,621746,632891,389222,403872,227,132
1390,623564,623681,634742,385372,400026,225,135
1395,625481,625596,636576,381522,396154,223,141
1400,627379,627492,638393,377672,392308,220,144
1405,629258,629370,640195,373822,388487,218,145
1410,631117,631227,641981,369972,384615,216,142
1415,632958,633066,643752,366122,380795,214,139
1420,634779,634885,645507,362272,376923,211,137
1425,636580,636684,647245,358422,373051,210,132
1430,638363,638465,648965,354572,369231,207,130
1435,640126,640227,650667,350722,365385,205,124
1440,641870,641969,652349,346872,361538,203,119
1445,643595,643692,654012,343022,357667,200,115
1450,645300,645395,655653,339172,353795,199,110
1455,646987,647080,657271,335322,349974,196,110
1460,648654,648745,658868,331472,346128,194,106
1465,650301,650391,660441,327622,342282,192,106
1470,651930,652018,661992,323772,338436,189,108
1475,653539,653625,663522,319922,334564,187,110
1480,655129,655213,665031,316072,330718,185,111
1485,656700,656782,666520,312222,326872,183,115
1490,658251,658332,667990,308372,323026,181,120
1495,659783,659862,669442,304522,319179,179,122
1500,661296,661374,670876,300672,315333,176,125
1505,662790,662865,672294,296822,311462,174,121
1510,664265,664337,673695,292972,307590,172,124
1515,665720,665791,675079,289122,303769,170,124
1520,667156,667226,676447,285272,299949,168,120
1525,668573,668641,677798,281422,296103,165,115
1530,669970,670036,679131,277572,292231,163,111
1535,671348,671412,680445,273722,288359,161,107
1540,672707,672769,681739,269872,284487,159,105
1545,674047,674108,683013,266022,280692,157,103
1550,675368,675427,684267,262172,276846,154,97
1555,676669,676726,685500,258322,272974,152,95
1560,677951,678006,686711,254472,269128,150,95
1565,679213,679267,687900,250622,265282,148,94
1570,680457,680508,689068,246772,261410,146,96
1575,681681,681731,690216,242922,257590,144,97
1580,682886,682934,691342,239072,253744,141,97
1585,684072,684118,692449,235222,249872,139,101
1590,685238,685282,693537,231372,246000,137,102
1595,686386,686428,694605,227522,242179,135,103
1600,687514,687554,695656,223672,238333,133,104
1605,688622,688661,696688,219822,234487,130,103
1610,689712,689749,697703,215972,230641,128,103
1615,690782,690817,698701,212122,226769,126,104
1620,691833,691866,699681,208272,222923,124,103
1625,692865,692896,700644,204422,219077,122,101
1630,693877,693907,701589,200572,215231,119,97
1635,694870,694898,702516,196722,211359,117,94
1640,695844,695870,703425,192872,207513,115,92
1645,696799,696823,704314,189022,203667,113,88
1650,697735,697757,705182,185172,199821,111,86
1655,698651,698671,706029,181322,195974,109,82
1660,699548,699567,706855,177472,192154,106,81
1665,700426,700442,707660,173622,188256,104,82
1670,701284,701299,708445,169772,184410,102,82
1675,702123,702137,709208,165922,180590,100,83
1680,702943,702955,709952,162072,176744,98,82
1685,703744,703753,710675,158222,172872,96,84
1690,704526,704533,711379,154372,169026,93,85
1695,705288,705294,712064,150522,165179,91,86
1700,706031,706035,712731,146672,161333,89,87
1705,706755,706757,713379,142822,157487,87,86
1710,707459,707459,714010,138972,153615,85,87
1715,708144,708142,714622,135122,149744,83,88
1720,708810,708807,715218,131272,145923,80,87
1725,709457,709452,715795,127422,142077,78,82
1730,710084,710078,716354,123572,138231,76,80
1735,710693,710684,716895,119722,134385,74,77
1740,711282,711271,717416,115872,130513,71,77
1745,711851,711839,717918,112022,126667,69,74
1750,712402,712388,718400,108172,122846,67,71
1755,712933,712917,718862,104322,118974,65,69
1760,713445,713427,719303,100472,115103,63,69
1765,713938,713918,719724,96622,111256,60,67
1770,714411,714390,720124,92772,107436,58,66
1775,714866,714842,720504,88922,103564,56,67
1780,715301,715276,720864,85072,99744,54,69
1785,715716,715689,721204,81222,95846,52,67
1790,716113,716084,721524,77372,92026,49,69
1795,716490,716459,721824,73522,88179,47,70
1800,716848,716815,722106,69672,84308,45,72
1805,717187,717153,722370,65822,80487,43,73
1810,717506,717470,722616,61972,76615,41,59
1815,717806,717769,722840,58122,72795,39,45
1820,718087,718048,723040,54272,68923,36,29
1825,718349,718308,723213,50422,65077,34,18
1830,718592,718549,723357,46572,61231,32,4
1835,718815,718770,723476,42722,57385,30,-10
1840,719019,718971,723572,38872,53513,28,-20
1845,719204,719154,723646,35022,49641,26,-31
1850,719369,719319,723697,31172,45846,23,-44
1855,719515,719463,723728,27322,41974,21,-60
1860,719642,719588,723739,23472,38128,19,-75
1865,719750,719694,723732,19622,34256,17,-87
1870,719838,719780,723706,15772,30385,15,-99
1875,719908,719848,723660,11922,26564,12,-115
1880,719958,719899,723593,8072,22821,9,-129
1885,719988,719937,723507,4222,19179,5,-155
1890,720000,719959,723397,372,15641,0,-199
1895,720000,719975,723260,0,12436,6,-161
1900,720000,719996,723109,0,9872,1,-148
1905,720000,720003,722947,0,7462,-1,-189
1910,720000,720001,722791,0,5282,-1,285
1915,720000,719998,722726,0,3538,0,257
1920,720000,719998,722714,0,2308,0,-209
1925,720000,719998,722659,0,1410,0,-205
1930,720000,719998,722564,0,923,0,-183
1935,720000,719999,722442,0,487,0,-166
1940,720000,719998,722304,0,0,0,-149
1945,720000,719999,722155,0,-103,0,-128
1950,720000,719998,722002,0,-77,0,-119
1955,720000,719998,721848,0,0,0,-103
1960,720000,719999,721698,0,26,0,-92
1965,720000,719998,721552,0,0,0,-83
1970,720000,719998,721413,0,0,0,-68
1975,720000,719998,721282,0,-26,0,-65
1980,720000,719998,721161,0,0,0,-56
1985,720000,719999,721047,0,0,0,-49
1990,720000,719998,720942,0,0,0,-46
1995,720000,719998,720845,0,0,0,-35
2000,720000,719999,720758,0,0,0,-34
2005,720000,719998,720678,0,0,0,-30
2010,720000,719999,720605,0,0,0,-24
2015,720000,719998,720539,0,0,0,-26
2020,720000,719998,720480,0,0,0,-19
2025,720000,719999,720427,0,0,0,-17
2030,720000,719998,720379,0,0,0,-18
2035,720000,719998,720336,0,0,0,-12
2040,720000,719998,720297,0,0,0,-14
2045,720000,719998,720262,0,0,0,-11
2050,720000,719999,720231,0,0,0,-7
2055,720000,719998,720204,0,0,0,-10
2060,720000,719998,720179,0,0,0,-6
2065,720000,719999,720157,0,0,0,-7
2070,720000,719998,720138,0,0,0,-6
2075,720000,719999,720121,0,0,0,-3
2080,720000,719998,720106,0,0,0,-5
2085,720000,719998,720092,0,0,0,-1
2090,720000,719999,720080,0,0,0,-4
2095,720000,719998,720069,0,0,0,-5
2100,720000,719998,720059,0,0,0,-1
2105,720000,719998,720050,0,0,0,-4
2110,720000,719998,720042,0,0,0,-2
2115,720000,719999,720036,0,0,0,1
2120,720000,719998,720031,0,0,0,-2
2125,720000,719998,720027,0,0,0,0
2130,720000,719999,720025,0,0,0,-1
2135,720000,719998,720022,0,0,0,-2
2140,720000,719999,720019,0,0,0,-1
2145,720000,719998,720017,0,0,0,-2
2150,720000,719998,720015,0,0,0,1
2155,720000,719999,720014,0,0,0,0
2160,720000,719998,720013,0,0,0,-1
2165,720000,719998,720011,0,0,0,1
2170,720000,719998,720010,0,0,0,-1
2175,720000,719998,720008,0,0,0,-1
2180,720000,719999,720006,0,0,0,1
2185,720000,719998,720006,0,0,0,-1
2190,720000,719998,720004,0,0,0,1
2195,720000,719999,720004,0,0,0,0
2200,720000,719998,720004,0,0,0,0
2205,720000,719999,720004,0,0,0,2
2210,720000,719998,720004,0,0,0,-1
2215,720000,719998,720003,0,0,0,1
2220,720000,719999,720003,0,0,0,0
2225,720000,719998,720003,0,0,0,-1
2230,720000,719998,720002,0,0,0,1
2235,720000,719998,720002,0,0,0,-1
2240,720000,719998,720001,0,0,0,-1
2245,720000,719999,720000,0,0,0,1
2250,720000,719998,720000,0,0,0,-1
2255,720000,719998,719999,0,0,0,1
2260,720000,719999,719999,0,0,0,0
2265,720000,719998,719999,0,0,0,0
2270,720000,719999,719999,0,0,0,2
2275,720000,719998,719999,0,0,0,-1
2280,720000,719998,719998,0,0,0,1
2285,720000,719999,719998,0,0,0,0
2290,720000,719998,719998,0,0,0,-1
2295,720000,719998,719997,0,0,0,1
2300,720000,719998,719997,0,0,0,-1
2305,720000,719998,719996,0,0,0,-1
2310,720000,719999,719995,0,0,0,1
2315,720000,719998,719995,0,0,0,-1
2320,720000,719998,719994,0,0,0,1
2325,720000,719999,719994,0,0,0,0
2330,720000,719998,719994,0,0,0,0
2335,720000,719999,719994,0,0,0,2
2340,720000,719998,719994,0,0,0,-1
2345,720000,719998,719993,0,0,0,1
2350,720000,719999,719993,0,0,0,0
2355,720000,719998,719993,0,0,0,-1
2360,720000,719998,719992,0,0,0,1
2365,720000,719998,719992,0,0,0,-1
2370,720000,719998,719991,0,0,0,-1
2375,720000,719999,719990,0,0,0,1
2380,720000,719998,719990,0,0,0,-1
2385,720000,719998,719989,0,0,0,1
2390,720000,719999,719989,0,0,0,0
2395,720000,719998,719989,0,0,0,0
2400,720000,719999,719989,0,0,0,2
2405,720000,719998,719989,0,0,0,-1
2410,720000,719998,719988,0,0,0,1
2415,720000,719999,719988,0,0,0,0
2420,720000,719998,719988,0,0,0,-1
2425,720000,719998,719987,0,0,0,1
2430,720000,719998,719987,0,0,0,-1
2435,720000,719998,719986,0,0,0,-1
2440,720000,719999,719985,0,0,0,1
2445,720000,719998,719985,0,0,0,-1
2450,720000,719998,719984,0,0,0,1
2455,720000,719999,719984,0,0,0,0
2460,720000,719998,719984,0,0,0,0
2465,720000,719999,719984,0,0,0,2
2470,720000,719998,719984,0,0,0,-1
2475,720000,719998,719983,0,0,0,1
2480,720000,719999,719983,0,0,0,0
2485,720000,719998,719983,0,0,0,-1
2490,720000,719998,719982,0,0,0,1
2495,720000,719998,719982,0,0,0,-1
2500,720000,719998,719981,0,0,0,-1
2505,720000,719999,719980,0,0,0,1
2510,720000,719998,719980,0,0,0,-1
2515,720000,719998,719979,0,0,0,1
2520,720000,719999,719979,0,0,0,0
2525,720000,719998,719979,0,0,0,0
2530,720000,719999,719979,0,0,0,2
2535,720000,719998,719979,0,0,0,-1
2540,720000,719998,719978,0,0,0,1
2545,720000,719999,719978,0,0,0,0
2550,720000,719998,719978,0,0,0,-1
2555,720000,719998,719977,0,0,0,1
2560,720000,719998,719977,0,0,0,-1
2565,720000,719998,719976,0,0,0,-1
2570,720000,719999,719975,0,0,0,3
2575,720000,719998,719975,0,0,0,0
2580,720000,719998,719975,0,0,0,4
2585,720000,719999,719976,0,0,0,1
2590,720000,719998,719977,0,0,0,-1
2595,720000,719999,719977,0,0,0,0
2600,720000,719998,719978,0,0,0,-2
2605,720000,719998,719977,0,0,0,1
2610,720000,719999,719977,0,0,0,0
2615,720000,719998,719977,0,0,0,-1
2620,720000,719998,719976,0,0,0,1
2625,720000,719998,719976,0,0,0,0
2630,720000,719998,719976,0,0,0,0
2635,720000,719999,719976,0,0,0,4
2640,720000,719998,719977,0,0,0,-1
2645,720000,719998,719976,0,0,0,1
2650,720000,719999,719976,0,0,0,2
2655,720000,719998,719977,0,0,0,0
2660,720000,719999,719978,0,0,0,2
2665,720000,719998,719979,0,0,0,-2
2670,720000,719998,719978,0,0,0,1
2675,720000,719999,719978,0,0,0,0
2680,720000,719998,719978,0,0,0,-1
2685,720000,719998,719977,0,0,0,1
2690,720000,719998,719977,0,0,0,-1
2695,720000,719998,719976,0,0,0,-1
2700,720000,719999,719975,0,0,0,3
2705,720000,719998,719975,0,0,0,0
2710,720000,719998,719975,0,0,0,4
2715,720000,719999,719976,0,0,0,1
2720,720000,719998,719977,0,0,0,-1
2725,720000,719999,719977,0,0,0,0
2730,720000,719998,719978,0,0,0,-2
2735,720000,719998,719977,0,0,0,1
2740,720000,719999,719977,0,0,0,0
2745,720000,719998,719977,0,0,0,-1
2750,720000,719998,719976,0,0,0,1
2755,720000,719998,719976,0,0,0,0
2760,720000,719998,719976,0,0,0,0
2765,720000,719999,719976,0,0,0,4
2770,720000,719998,719977,0,0,0,-1
2775,720000,719998,719976,0,0,0,1
2780,720000,719999,719976,0,0,0,2
2785,720000,719998,719977,0,0,0,0
2790,720000,719999,719978,0,0,0,2
2795,720000,719998,719979,0,0,0,-2
2800,720000,719998,719978,0,0,0,1
2805,720000,719999,719978,0,0,0,0
2810,720000,719998,719978,0,0,0,-1
2815,720000,719998,719977,0,0,0,1
2820,720000,719998,719977,0,0,0,-1
2825,720000,719998,719976,0,0,0,-1
2830,720000,719999,719975,0,0,0,3
2835,720000,719998,719975,0,0,0,0
2840,720000,719998,719975,0,0,0,4
2845,720000,719999,719976,0,0,0,1
2850,720000,719998,719977,0,0,0,-1
2855,720000,719999,719977,0,0,0,0
2860,720000,719998,719978,0,0,0,-2
2865,720000,719998,719977,0,0,0,1
2870,720000,719999,719977,0,0,0,0
2875,720000,719998,719977,0,0,0,-1
2880,720000,719998,719976,0,0,0,1
2885,720000,719998,719976,0,0,0,0
2890,720000,719998,719976,0,0,0,0
2895,720000,719999,719976,0,0,0,4
2900,720000,719998,719977,0,0,0,-1
2905,720000,719998,719976,0,0,0,1
2910,720000,719999,719976,0,0,0,2
2915,720000,719998,719977,0,0,0,0
2920,720000,719999,719978,0,0,0,2
2925,720000,719998,719979,0,0,0,-2
2930,720000,719998,719978,0,0,0,1
2935,720000,719999,719978,0,0,0,0
2940,720000,719998,719978,0,0,0,-1
2945,720000,719998,719977,0,0,0,1
2950,720000,719998,719977,0,0,0,-1
2955,720000,719998,719976,0,0,0,-1
2960,720000,719999,719975,0,0,0,3
2965,720000,719998,719975,0,0,0,0
2970,720000,719998,719975,0,0,0,4
2975,720000,719999,719976,0,0,0,1
2980,720000,719998,719977,0,0,0,-1
2985,720000,719999,719977,0,0,0,0
2990,720000,719998,719978,0,0,0,-2
2995,720000,719998,719977,0,0,0,1
3000,720000,719999,719977,0,0,0,0
3005,720000,719998,719977,0,0,0,-1
3010,720000,719998,719976,0,0,0,1
3015,720000,719998,719976,0,0,0,0
3020,720000,719998,719976,0,0,0,0
3025,720000,719999,719976,0,0,0,4
3030,720000,719998,719977,0,0,0,-1
3035,720000,719998,719976,0,0,0,1
3040,720000,719999,719976,0,0,0,2
3045,720000,719998,719977,0,0,0,0
3050,720000,719999,719978,0,0,0,2
3055,720000,719998,719979,0,0,0,-2
3060,720000,719998,719978,0,0,0,1
3065,720000,719999,719978,0,0,0,0
3070,720000,719998,719978,0,0,0,-1
3075,720000,719998,719977,0,0,0,1
3080,720000,719998,719977,0,0,0,-1
3085,720000,719998,719976,0,0,0,-1
3090,720000,719999,719975,0,0,0,3
3095,720000,719998,719975,0,0,0,0
3100,720000,719998,719975,0,0,0,4
3105,720000,719999,719976,0,0,0,1
3110,720000,719998,719977,0,0,0,-1
3115,720000,719999,719977,0,0,0,0
3120,720000,719998,719978,0,0,0,-2
3125,720000,719998,719977,0,0,0,1
3130,720000,719999,719977,0,0,0,0
3135,720000,719998,719977,0,0,0,-1
3140,720000,719998,719976,0,0,0,1
3145,720000,719998,719976,0,0,0,0
3150,720000,719998,719976,0,0,0,0
3155,720000,719999,719976,0,0,0,4
3160,720000,719998,719977,0,0,0,-1
3165,720000,719998,719976,0,0,0,1
3170,720000,719999,719976,0,0,0,2
3175,720000,719998,719977,0,0,0,0
3180,720000,719999,719978,0,0,0,2
3185,720000,719998,719979,0,0,0,-2
3190,720000,719998,719978,0,0,0,1
3195,720000,719999,719978,0,0,0,0
3200,720000,719998,719978,0,0,0,-1
3205,720000,719998,719977,0,0,0,1
3210,720000,719998,719977,0,0,0,-1
3215,720000,719998,719976,0,0,0,-1
3220,720000,719999,719975,0,0,0,3
3225,720000,719998,719975,0,0,0,0
3230,720000,719998,719975,0,0,0,4
3235,720000,719999,719976,0,0,0,1
3240,720000,719998,719977,0,0,0,-1
3245,720000,719999,719977,0,0,0,0
3250,720000,719998,719978,0,0,0,-2
3255,720000,719998,719977,0,0,0,1
3260,720000,719999,719977,0,0,0,0
3265,720000,719998,719977,0,0,0,-1
3270,720000,719998,719976,0,0,0,1
3275,720000,719998,719976,0,0,0,0
3280,720000,719998,719976,0,0,0,0
3285,720000,719999,719976,0,0,0,4
3290,720000,719998,719977,0,0,0,-1
3295,720000,719998,719976,0,0,0,1
3300,720000,719999,719976,0,0,0,2
3305,720000,719998,719977,0,0,0,0
3310,720000,719999,719978,0,0,0,2
3315,720000,719998,719979,0,0,0,-2
3320,720000,719998,719978,0,0,0,1
3325,720000,719999,719978,0,0,0,0
3330,720000,719998,719978,0,0,0,-1
3335,720000,719998,719977,0,0,0,1
3340,720000,719998,719977,0,0,0,-1
3345,720000,719998,719976,0,0,0,-1
3350,720000,719999,719975,0,0,0,3
3355,720000,719998,719975,0,0,0,0
3360,720000,719998,719975,0,0,0,4
3365,720000,719999,719976,0,0,0,1
3370,720000,719998,719977,0,0,0,-1
3375,720000,719999,719977,0,0,0,0
3380,720000,719998,719978,0,0,0,-2
3385,720000,719998,719977,0,0,0,1
3390,720000,719999,719977,0,0,0,0
3395,720000,719998,719977,0,0,0,-1
3400,720000,719998,719976,0,0,0,1
3405,720000,719998,719976,0,0,0,0
3410,720000,719998,719976,0,0,0,0
3415,720000,719999,719976,0,0,0,4
3420,720000,719998,719977,0,0,0,-1
3425,720000,719998,719976,0,0,0,1
3430,720000,719999,719976,0,0,0,2
3435,720000,719998,719977,0,0,0,0
3440,720000,719999,719978,0,0,0,2
3445,720000,719998,719979,0,0,0,-2
3450,720000,719998,719978,0,0,0,1
3455,720000,719999,719978,0,0,0,0
3460,720000,719998,719978,0,0,0,-1
3465,720000,719998,719977,0,0,0,1
3470,720000,719998,719977,0,0,0,-1
3475,720000,719998,719976,0,0,0,-1
3480,720000,719999,719975,0,0,0,3
3485,720000,719998,719975,0,0,0,0
3490,720000,719998,719975,0,0,0,4
3495,720000,719999,719976,0,0,0,1
3500,720000,719998,719977,0,0,0,-1
3505,720000,719999,719977,0,0,0,0
3510,720000,719998,719978,0,0,0,-2
3515,720000,719998,719977,0,0,0,1
3520,720000,719999,719977,0,0,0,0
3525,720000,719998,719977,0,0,0,-1
3530,720000,719998,719976,0,0,0,1
3535,720000,719998,719976,0,0,0,0
3540,720000,719998,719976,0,0,0,0
3545,720000,719999,719976,0,0,0,4
3550,720000,719998,719977,0,0,0,-1
3555,720000,719998,719976,0,0,0,1
3560,720000,719999,719976,0,0,0,2
3565,720000,719998,719977,0,0,0,0
3570,720000,719999,719978,0,0,0,2
3575,720000,719998,719979,0,0,0,-2
3580,720000,719998,719978,0,0,0,1
3585,720000,719999,719978,0,0,0,0
3590,720000,719998,719978,0,0,0,-1
3595,720000,719998,719977,0,0,0,1
3600,720000,719998,719977,0,0,0,-1
3605,720000,719998,719976,0,0,0,-1
3610,720000,719999,719975,0,0,0,3
3615,720000,719998,719975,0,0,0,0
3620,720000,719998,719975,0,0,0,4
3625,720000,719999,719976,0,0,0,1
3630,720000,719998,719977,0,0,0,-1
3635,720000,719999,719977,0,0,0,0
3640,720000,719998,719978,0,0,0,-2
3645,720000,719998,719977,0,0,0,1
3650,720000,719999,719977,0,0,0,0
3655,720000,719998,719977,0,0,0,-1
3660,720000,719998,719976,0,0,0,1
3665,720000,719998,719976,0,0,0,0
3670,720000,719998,719976,0,0,0,0
3675,720000,719999,719976,0,0,0,4
3680,720000,719998,719977,0,0,0,-1
3685,720000,719998,719976,0,0,0,1
3690,720000,719999,719976,0,0,0,2
3695,720000,719998,719977,0,0,0,0
3700,720000,719999,719978,0,0,0,2
3705,720000,719998,719979,0,0,0,-2
3710,720000,719998,719978,0,0,0,1
3715,720000,719999,719978,0,0,0,0
3720,720000,719998,719978,0,0,0,-1
3725,720000,719998,719977,0,0,0,1
3730,720000,719998,719977,0,0,0,-1
3735,720000,719998,719976,0,0,0,-1
3740,720000,719999,719975,0,0,0,3
3745,720000,719998,719975,0,0,0,0
3750,720000,719998,719975,0,0,0,4
3755,720000,719999,719976,0,0,0,1
3760,720000,719998,719977,0,0,0,-1
3765,720000,719999,719977,0,0,0,0
3770,720000,719998,719978,0,0,0,-2
3775,720000,719998,719977,0,0,0,1
3780,720000,719999,719977,0,0,0,0
3785,720000,719998,719977,0,0,0,-1
3790,720000,719998,719976,0,0,0,1
3795,720000,719998,719976,0,0,0,0
3800,720000,719998,719976,0,0,0,0
3805,720000,719999,719976,0,0,0,4
3810,720000,719998,719977,0,0,0,-1
3815,720000,719998,719976,0,0,0,1
3820,720000,719999,719976,0,0,0,2
3825,720000,719998,719977,0,0,0,0
3830,720000,719999,719978,0,0,0,2
3835,720000,719998,719979,0,0,0,-2
3840,720000,719998,719978,0,0,0,1
3845,720000,719999,719978,0,0,0,0
3850,720000,719998,719978,0,0,0,-1
3855,720000,719998,719977,0,0,0,1
3860,720000,719998,719977,0,0,0,-1
3865,720000,719998,719976,0,0,0,-1
3870,720000,719999,719975,0,0,0,3
3875,720000,719998,719975,0,0,0,0
3880,720000,719998,719975,0,0,0,4
3885,720000,719999,719976,0,0,0,1
3890,720000,719998,719977,0,0,0,-1
3895,720000,719999,719977,0,0,0,0
3900,720000,719998,719978,0,0,0,-2
3905,720000,719998,719977,0,0,0,1
3910,720000,719999,719977,0,0,0,0
3915,720000,719998,719977,0,0,0,-1
3920,720000,719998,719976,0,0,0,1
3925,720000,719998,719976,0,0,0,0
3930,720000,719998,719976,0,0,0,0
3935,720000,719999,719976,0,0,0,4
3940,720000,719998,719977,0,0,0,-1
3945,720000,719998,719976,0,0,0,1
3950,720000,719999,719976,0,0,0,2
3955,720000,719998,719977,0,0,0,0
3960,720000,719999,719978,0,0,0,2
3965,720000,719998,719979,0,0,0,-2
3970,720000,719998,719978,0,0,0,1
3975,720000,719999,719978,0,0,0,0
3980,720000,719998,719978,0,0,0,-1
3985,720000,719998,719977,0,0,0,1
3990,720000,719998,719977,0,0,0,-1
3995,720000,719998,719976,0,0,0,-1
4000,720000,719999,719975,0,0,0,3
4005,720000,719998,719975,0,0,0,0
4010,720000,719998,719975,0,0,0,4
4015,720000,719999,719976,0,0,0,1
4020,720000,719998,719977,0,0,0,-1
4025,720000,719999,719977,0,0,0,0
4030,720000,719998,719978,0,0,0,-2
4035,720000,719998,719977,0,0,0,1
4040,720000,719999,719977,0,0,0,0
4045,720000,719998,719977,0,0,0,-1
4050,720000,719998,719976,0,0,0,1
4055,720000,719998,719976,0,0,0,0
4060,720000,719998,719976,0,0,0,0
4065,720000,719999,719976,0,0,0,4
4070,720000,719998,719977,0,0,0,-1
4075,720000,719998,719976,0,0,0,1
4080,720000,719999,719976,0,0,0,2
4085,720000,719998,719977,0,0,0,0
4090,720000,719999,719978,0,0,0,2
4095,720000,719998,719979,0,0,0,-2
4100,720000,719998,719978,0,0,0,1
4105,720000,719999,719978,0,0,0,0
4110,720000,719998,719978,0,0,0,-1
4115,720000,719998,719977,0,0,0,1
4120,720000,719998,719977,0,0,0,-1
4125,720000,719998,719976,0,0,0,-1
4130,720000,719999,719975,0,0,0,3
4135,720000,719998,719975,0,0,0,0
4140,720000,719998,719975,0,0,0,4
4145,720000,719999,719976,0,0,0,1
4150,720000,719998,719977,0,0,0,-1
4155,720000,719999,719977,0,0,0,0
4160,720000,719998,719978,0,0,0,-2
4165,720000,719998,719977,0,0,0,1
4170,720000,719999,719977,0,0,0,0
4175,720000,719998,719977,0,0,0,-1
4180,720000,719998,719976,0,0,0,1
4185,720000,719998,719976,0,0,0,0
4190,720000,719998,719976,0,0,0,0
4195,720000,719999,719976,0,0,0,4
4200,720000,719998,719977,0,0,0,-1
4205,720000,719998,719976,0,0,0,1
4210,720000,719999,719976,0,0,0,2
4215,720000,719998,719977,0,0,0,0
4220,720000,719999,719978,0,0,0,2
4225,720000,719998,719979,0,0,0,-2
4230,720000,719998,719978,0,0,0,1
4235,720000,719999,719978,0,0,0,0
4240,720000,719998,719978,0,0,0,-1
4245,720000,719998,719977,0,0,0,1
4250,720000,719998,719977,0,0,0,-1
4255,720000,719998,719976,0,0,0,-1
4260,720000,719999,719975,0,0,0,3
4265,720000,719998,719975,0,0,0,0
4270,720000,719998,719975,0,0,0,4
4275,720000,719999,719976,0,0,0,1
4280,720000,719998,719977,0,0,0,-1
4285,720000,719999,719977,0,0,0,0
4290,720000,719998,719978,0,0,0,-2
4295,720000,719998,719977,0,0,0,1
4300,720000,719999,719977,0,0,0,0
4305,720000,719998,719977,0,0,0,-1
4310,720000,719998,719976,0,0,0,1
4315,720000,719998,719976,0,0,0,0
4320,720000,719998,719976,0,0,0,0
4325,720000,719999,719976,0,0,0,4
4330,720000,719998,719977,0,0,0,-1
4335,720000,719998,719976,0,0,0,1
4340,720000,719999,719976,0,0,0,2
4345,720000,719998,719977,0,0,0,0
4350,720000,719999,719978,0,0,0,2
4355,720000,719998,719979,0,0,0,-2
4360,720000,719998,719978,0,0,0,1
4365,720000,719999,719978,0,0,0,0
4370,720000,719998,719978,0,0,0,-1
4375,720000,719998,719977,0,0,0,1
4380,720000,719998,719977,0,0,0,-1
4385,720000,719998,719976,0,0,0,-1
4390,720000,719999,719975,0,0,0,3
4395,720000,719998,719975,0,0,0,0
4400,720000,719998,719975,0,0,0,4
4405,720000,719999,719976,0,0,0,1
4410,720000,719998,719977,0,0,0,-1
4415,720000,719999,719977,0,0,0,0
4420,720000,719998,719978,0,0,0,-2
4425,720000,719998,719977,0,0,0,1
4430,720000,719999,719977,0,0,0,0
4435,720000,719998,719977,0,0,0,-1
4440,720000,719998,719976,0,0,0,1
4445,720000,719998,719976,0,0,0,0
4450,720000,719998,719976,0,0,0,0
4455,720000,719999,719976,0,0,0,4
4460,720000,719998,719977,0,0,0,-1
4465,720000,719998,719976,0,0,0,1
4470,720000,719999,719976,0,0,0,2
4475,720000,719998,719977,0,0,0,0
4480,720000,719999,719978,0,0,0,2
4485,720000,719998,719979,0,0,0,-2
4490,720000,719998,719978,0,0,0,1
4495,720000,719999,719978,0,0,0,0
4500,720000,719998,719978,0,0,0,-1
4505,720000,719998,719977,0,0,0,1
4510,720000,719998,719977,0,0,0,-1
4515,720000,719998,719976,0,0,0,-1
4520,720000,719999,719975,0,0,0,3
4525,720000,719998,719975,0,0,0,0
4530,720000,719998,719975,0,0,0,4
4535,720000,719999,719976,0,0,0,1
4540,720000,719998,719977,0,0,0,-1
4545,720000,719999,719977,0,0,0,0
4550,720000,719998,719978,0,0,0,-2
4555,720000,719998,719977,0,0,0,1
4560,720000,719999,719977,0,0,0,0
4565,720000,719998,719977,0,0,0,-1
4570,720000,719998,719976,0,0,0,1
4575,720000,719998,719976,0,0,0,0
4580,720000,719998,719976,0,0,0,0
4585,720000,719999,719976,0,0,0,4
4590,720000,719998,719977,0,0,0,-1
4595,720000,719998,719976,0,0,0,1
4600,720000,719999,719976,0,0,0,2
4605,720000,719998,719977,0,0,0,0
4610,720000,719999,719978,0,0,0,2
4615,720000,719998,719979,0,0,0,-2
4620,720000,719998,719978,0,0,0,1
4625,720000,719999,719978,0,0,0,0
4630,720000,719998,719978,0,0,0,-1
4635,720000,719998,719977,0,0,0,1
4640,720000,719998,719977,0,0,0,-1
4645,720000,719998,719976,0,0,0,-1
4650,720000,719999,719975,0,0,0,3
4655,720000,719998,719975,0,0,0,0
4660,720000,719998,719975,0,0,0,4
4665,720000,719999,719976,0,0,0,1
4670,720000,719998,719977,0,0,0,-1
4675,720000,719999,719977,0,0,0,0
4680,720000,719998,719978,0,0,0,-2
4685,720000,719998,719977,0,0,0,1
4690,720000,719999,719977,0,0,0,0
4695,720000,719998,719977,0,0,0,-1
4700,720000,719998,719976,0,0,0,1
4705,720000,719998,719976,0,0,0,0
4710,720000,719998,719976,0,0,0,0
4715,720000,719999,719976,0,0,0,4
4720,720000,719998,719977,0,0,0,-1
4725,720000,719998,719976,0,0,0,1
4730,720000,719999,719976,0,0,0,2
4735,720000,719998,719977,0,0,0,0
4740,720000,719999,719978,0,0,0,2
4745,720000,719998,719979,0,0,0,-2
4750,720000,719998,719978,0,0,0,1
4755,720000,719999,719978,0,0,0,0
4760,720000,719998,719978,0,0,0,-1
4765,720000,719998,719977,0,0,0,1
4770,720000,719998,719977,0,0,0,-1
4775,720000,719998,719976,0,0,0,-1
4780,720000,719999,719975,0,0,0,3
4785,720000,719998,719975,0,0,0,0
4790,720000,719998,719975,0,0,0,4
4795,720000,719999,719976,0,0,0,1
4800,720000,719998,719977,0,0,0,-1
4805,720000,719999,719977,0,0,0,0
4810,720000,719998,719978,0,0,0,-2
4815,720000,719998,719977,0,0,0,1
4820,720000,719999,719977,0,0,0,0
4825,720000,719998,719977,0,0,0,-1
4830,720000,719998,719976,0,0,0,1
4835,720000,719998,719976,0,0,0,0
4840,720000,719998,719976,0,0,0,0
4845,720000,719999,719976,0,0,0,4
4850,720000,719998,719977,0,0,0,-1
4855,720000,719998,719976,0,0,0,1
4860,720000,719999,719976,0,0,0,2
4865,720000,719998,719977,0,0,0,0
4870,720000,719999,719978,0,0,0,2
4875,720000,719998,719979,0,0,0,-2
4880,720000,719998,719978,0,0,0,1
4885,720000,719999,719978,0,0,0,0
4890,720000,719998,719978,0,0,0,-1
4895,720000,719998,719977,0,0,0,1
4900,720000,719998,719977,0,0,0,-1
4905,720000,719998,719976,0,0,0,-1
4910,720000,719999,719975,0,0,0,3
4915,720000,719998,719975,0,0,0,0
4920,720000,719998,719975,0,0,0,4
4925,720000,719999,719976,0,0,0,1
4930,720000,719998,719977,0,0,0,-1
4935,720000,719999,719977,0,0,0,0
4940,720000,719998,719978,0,0,0,-2
4945,720000,719998,719977,0,0,0,1
4950,720000,719999,719977,0,0,0,0
4955,720000,719998,719977,0,0,0,-1
4960,720000,719998,719976,0,0,0,1
4965,720000,719998,719976,0,0,0,0
4970,720000,719998,719976,0,0,0,0
4975,720000,719999,719976,0,0,0,4
4980,720000,719998,719977,0,0,0,-1
4985,720000,719998,719976,0,0,0,1
4990,720000,719999,719976,0,0,0,2
4995,720000,719998,719977,0,0,0,0
TRACE END
