TRACE BEGIN axis=1 rows=1000 kp=0.00025 ki=8e-07 kv=1e-06 kd=0 kff=0 ff=1 pwm=25000 target=-720 duration=5 vmax=1100 accel=2200 vscale=1 ascale=0.35 vsrc=1 vwin=40 valpha=0.05
t_ms,ref_mdeg,enc_mdeg,hat_mdeg,vref_mdegs,what_mdegs,duty_milli,cur_01ma
0,0,0,0,0,0,-19,0
5,-10,-43,-13,-3850,-1103,-22,-273
10,-129,-129,-87,-14095,-3308,-38,-242
15,-267,-267,-217,-20278,-6846,-42,-469
20,-477,-477,-435,-27103,-12231,-47,-492
25,-743,-743,-740,-33826,-19051,-51,-512
30,-1058,-1058,-1136,-40365,-27128,-56,-536
35,-1418,-1418,-1628,-46730,-36359,-60,-557
40,-1819,-1819,-2220,-52927,-46615,-65,-580
45,-2259,-2259,-2917,-58982,-56385,-69,-601
50,-2738,-2738,-3723,-64935,-66359,-73,-627
55,-3254,-3254,-4643,-70790,-75641,-77,-656
60,-3806,-3806,-5683,-76559,-84103,-81,-687
65,-4394,-4394,-6851,-82260,-92103,-85,-722
70,-4976,-5016,-8154,-87540,-99718,-78,-761
75,-5423,-5629,-9588,-91390,-106000,-40,-537
80,-5890,-6101,-11091,-95240,-107615,-41,-153
85,-6376,-6481,-12594,-99090,-105872,-70,-345
90,-6881,-6917,-14163,-102940,-104590,-90,-1015
95,-7405,-7472,-15952,-106790,-105410,-85,-1518
100,-7949,-8083,-18072,-110640,-106718,-71,-1713
105,-8512,-8670,-20570,-114490,-106538,-67,-1938
110,-9094,-9223,-23510,-118340,-104564,-77,-2451
115,-9695,-9792,-27025,-122190,-104000,-88,-3221
120,-10316,-10414,-31303,-126040,-108564,-90,-4091
125,-10955,-11078,-36553,-129890,-115872,-87,-5017
130,-11615,-11754,-43002,-133740,-121385,-85,-6134
135,-12293,-12427,-50931,-137590,-123949,-89,-7610
140,-12990,-13113,-60709,-141440,-125872,-95,-9538
145,-13707,-13828,-72812,-145290,-129385,-98,-11939
150,-14443,-14572,-87833,-149140,-134308,-99,-14896
155,-15199,-15336,-106304,-152990,-139077,-99,-14125
160,-15973,-16112,-127991,-156840,-142769,-101,-12637
165,-16767,-16903,-152506,-160690,-145897,-105,-11299
170,-17580,-17716,-177950,-164540,-149410,-107,-10826
175,-18412,-18551,-203373,-168390,-153538,-109,-10817
180,-19264,-19407,-228795,-172240,-157769,-111,-10817
185,-20135,-20280,-254217,-176090,-161692,-113,-10817
190,-21025,-21171,-279639,-179940,-165333,-115,-10817
195,-21934,-22081,-305061,-183790,-169000,-118,-10817
200,-22863,-23011,-330483,-187640,-172872,-120,-10817
205,-23811,-23962,-355905,-191490,-176872,-122,-10817
210,-24778,-24931,-381327,-195340,-180769,-124,-10817
215,-25764,-25919,-406749,-199190,-184564,-126,-10817
220,-26770,-26926,-432171,-203040,-188359,-129,-10817
225,-27795,-27953,-457593,-206890,-192205,-131,-10817
230,-28839,-28998,-483015,-210740,-196051,-133,-10817
235,-29902,-30064,-508437,-214590,-199974,-135,-10817
240,-30984,-31148,-533859,-218440,-203795,-137,-10817
245,-32086,-32252,-559281,-222290,-207641,-139,-10817
250,-33207,-33375,-584703,-226140,-211487,-142,-10817
255,-34348,-34517,-610125,-229990,-215333,-144,-10817
260,-35507,-35678,-635547,-233840,-219179,-146,-10817
265,-36686,-36859,-660969,-237690,-223051,-148,-10817
270,-37884,-38059,-686391,-241540,-226897,-150,-10817
275,-39102,-39278,-711813,-245390,-230744,-153,-10817
280,-40338,-40516,-737235,-249240,-234590,-155,-10817
285,-41594,-41774,-762657,-253090,-238436,-157,-10817
290,-42869,-43051,-788079,-256940,-242282,-159,-10817
295,-44163,-44347,-813501,-260790,-246128,-161,-10817
300,-45477,-45662,-838923,-264640,-249974,-164,-10817
305,-46810,-46997,-864345,-268490,-253846,-166,-10817
310,-48162,-48351,-889767,-272340,-257692,-168,-10817
315,-49533,-49724,-915189,-276190,-261538,-170,-10817
320,-50924,-51116,-940611,-280040,-265385,-172,-10817
325,-52334,-52528,-966033,-283890,-269231,-174,-10817
330,-53763,-53959,-991455,-287740,-273077,-177,-10817
335,-55211,-55409,-1016877,-291590,-276923,-179,-10817
340,-56678,-56878,-1042299,-295440,-280769,-181,-10817
345,-58165,-58367,-1067721,-299290,-284641,-183,-10817
350,-59671,-59875,-1093143,-303140,-288487,-185,-10817
355,-61197,-61402,-1118565,-306990,-292333,-188,-10817
360,-62741,-62949,-1143987,-310840,-296205,-190,-10817
365,-64305,-64514,-1169409,-314690,-300026,-192,-10817
370,-65888,-66099,-1194831,-318540,-303872,-194,-10817
375,-67491,-67703,-1220253,-322390,-307718,-196,-10817
380,-69112,-69327,-1245675,-326240,-311590,-199,-10817
385,-70753,-70969,-1271097,-330090,-315436,-201,-10817
390,-72413,-72631,-1296519,-333940,-319282,-203,-10817
395,-74092,-74313,-1321941,-337790,-323154,-205,-10817
400,-75791,-76013,-1347363,-341640,-327000,-207,-10817
405,-77509,-77732,-1372785,-345490,-330821,-210,-10817
410,-79246,-79471,-1398207,-349340,-334692,-212,-10817
415,-81002,-81230,-1423629,-353190,-338564,-214,-10817
420,-82778,-83007,-1449051,-357040,-342385,-216,-10817
425,-84573,-84803,-1474473,-360890,-346231,-218,-10817
430,-86387,-86619,-1499895,-364740,-350077,-221,-10817
435,-88220,-88454,-1525317,-368590,-353923,-223,-10817
440,-90073,-90309,-1550739,-372440,-357795,-225,-10817
445,-91944,-92183,-1576161,-376290,-361667,-227,-10817
450,-93835,-94075,-1601583,-380140,-365487,-229,-10817
455,-95746,-95987,-1627005,-383990,-369308,-232,-10817
460,-97675,-97919,-1652427,-387840,-373179,-234,-10817
465,-99624,-99870,-1677849,-391690,-377051,-236,-10817
470,-101592,-101839,-1703271,-395540,-380872,-238,-10817
475,-103580,-103829,-1728693,-399390,-384744,-240,-10817
480,-105586,-105837,-1754115,-403240,-388590,-242,-10817
485,-107612,-107864,-1779537,-407090,-392410,-245,-10817
490,-109657,-109912,-1804959,-410940,-396308,-247,-10817
495,-111721,-111978,-1830381,-414790,-400154,-249,-10817
500,-113805,-114063,-1855803,-418640,-403974,-251,-10817
505,-115908,-116167,-1881225,-422490,-407821,-254,-10817
510,-118030,-118291,-1906647,-426340,-411667,-256,-10817
515,-120171,-120435,-1932069,-430190,-415538,-258,-10817
520,-122332,-122597,-1957491,-434040,-419385,-260,-10817
525,-124512,-124779,-1982913,-437890,-423256,-262,-10817
530,-126711,-126980,-2008335,-441740,-427077,-264,-10817
535,-128929,-129200,-2033757,-445590,-430923,-266,-10817
540,-131167,-131439,-2059179,-449440,-434769,-269,-10817
545,-133423,-133698,-2084601,-453290,-438641,-271,-10817
550,-135699,-135976,-2110023,-457140,-442487,-273,-10817
555,-137995,-138273,-2135445,-460990,-446333,-275,-10817
560,-140309,-140589,-2160867,-464840,-450179,-277,-10817
565,-142643,-142925,-2186289,-468690,-454026,-279,-10817
570,-144996,-145280,-2211711,-472540,-457897,-282,-10817
575,-147369,-147653,-2237133,-476390,-461718,-284,-10817
580,-149760,-150047,-2262555,-480240,-465564,-286,-10817
585,-152171,-152460,-2287977,-484090,-469436,-288,-10817
590,-154601,-154892,-2313399,-487940,-473308,-290,-10817
595,-157050,-157343,-2338821,-491790,-477154,-293,-10817
600,-159519,-159813,-2364243,-495640,-480974,-295,-10817
605,-162007,-162302,-2389665,-499490,-484795,-297,-10817
610,-164514,-164812,-2415087,-503340,-488692,-299,-10817
615,-167040,-167340,-2440509,-507190,-492538,-301,-10817
620,-169586,-169888,-2465931,-511040,-496410,-304,-10817
625,-172151,-172455,-2491353,-514890,-500256,-306,-10817
630,-174735,-175040,-2516775,-518740,-504077,-308,-10817
635,-177338,-177645,-2542197,-522590,-507923,-310,-10817
640,-179961,-180269,-2567619,-526440,-511795,-313,-10817
645,-182602,-182913,-2593041,-530290,-515641,-315,-10817
650,-185263,-185577,-2618463,-534140,-519513,-317,-10817
655,-187944,-188259,-2643885,-537990,-523359,-319,-10817
660,-190643,-190959,-2669307,-541840,-527154,-321,-10817
665,-193362,-193680,-2694729,-545690,-531026,-323,-10817
670,-196100,-196420,-2720151,-549540,-534897,-326,-10817
675,-198858,-199180,-2745573,-553390,-538769,-328,-10817
680,-201634,-201958,-2770995,-557240,-542590,-330,-10817
685,-204430,-204755,-2796417,-561090,-546436,-332,-10817
690,-207245,-207572,-2821839,-564940,-550282,-334,-10817
695,-210079,-210408,-2847261,-568790,-554128,-337,-10817
700,-212933,-213264,-2872683,-572640,-558000,-339,-10817
705,-215806,-216139,-2898105,-576490,-561872,-341,-10817
710,-218698,-219032,-2923527,-580340,-565667,-343,-10817
715,-221609,-221945,-2948949,-584190,-569513,-345,-10817
720,-224540,-224878,-2974371,-588040,-573385,-347,-10817
725,-227490,-227829,-2999793,-591890,-577231,-350,-10817
730,-230459,-230800,-3025215,-595740,-581103,-352,-10817
735,-233447,-233790,-3050637,-599590,-584923,-354,-10817
740,-236455,-236800,-3076059,-603440,-588769,-356,-10817
745,-239481,-239828,-3101481,-607290,-592615,-358,-10817
750,-242527,-242876,-3126903,-611140,-596487,-361,-10817
755,-245593,-245944,-3152325,-614990,-600359,-363,-10817
760,-248677,-249030,-3177747,-618840,-604179,-365,-10817
765,-251781,-252135,-3203169,-622690,-608026,-367,-10817
770,-254904,-255260,-3228591,-626540,-611872,-369,-10817
775,-258047,-258405,-3254013,-630390,-615744,-371,-10817
780,-261208,-261568,-3279435,-634240,-619590,-374,-10817
785,-264389,-264751,-3304857,-638090,-623462,-376,-10817
790,-267589,-267952,-3330279,-641940,-627282,-378,-10817
795,-270808,-271174,-3355701,-645790,-631128,-380,-10817
800,-274047,-274414,-3381123,-649640,-635000,-382,-10817
805,-277305,-277674,-3406545,-653490,-638846,-385,-10817
810,-280582,-280953,-3431967,-657340,-642692,-387,-10817
815,-283878,-284251,-3457389,-661190,-646538,-389,-10817
820,-287194,-287568,-3482811,-665040,-650385,-391,-10817
825,-290529,-290904,-3508233,-668890,-654205,-394,-10817
830,-293883,-294261,-3533655,-672740,-658103,-395,-10817
835,-297256,-297636,-3559077,-676590,-661949,-398,-10817
840,-300649,-301030,-3584499,-680440,-665795,-400,-10817
845,-304060,-304444,-3609921,-684290,-669641,-402,-10817
850,-307491,-307877,-3635343,-688140,-673487,-404,-10817
855,-310942,-311329,-3660765,-691990,-677359,-406,-10817
860,-314411,-314800,-3686187,-695840,-681205,-409,-10817
865,-317900,-318291,-3711609,-699690,-685051,-411,-10817
870,-321408,-321801,-3737031,-703540,-688897,-413,-10817
875,-324936,-325330,-3762453,-707390,-692744,-415,-10817
880,-328482,-328878,-3787875,-711240,-696590,-418,-10817
885,-332048,-332446,-3813297,-715090,-700436,-420,-10817
890,-335633,-336033,-3838719,-718940,-704282,-422,-10817
895,-339237,-339649,-3864141,-722790,-708385,-436,-10817
900,-342861,-343325,-3889563,-726640,-713538,-424,-10817
905,-346504,-346995,-3914985,-730490,-718051,-419,-10817
910,-350166,-350639,-3940407,-734340,-721385,-427,-10817
915,-353847,-354293,-3965829,-738190,-724487,-437,-10817
920,-357548,-357994,-3991251,-742040,-728308,-440,-10817
925,-361265,-361733,-4016673,-743271,-732590,-394,-10817
930,-364972,-365365,-4042095,-739421,-733667,-399,-10817
935,-368660,-368907,-4067517,-735571,-731436,-433,-10817
940,-372328,-372516,-4092939,-731721,-729615,-445,-10817
945,-375977,-376223,-4118361,-727871,-730692,-428,-10817
950,-379607,-379928,-4143783,-724021,-732333,-406,-10817
955,-383217,-383544,-4169205,-720171,-731154,-402,-10817
960,-386808,-387086,-4194627,-716321,-726821,-412,-10817
965,-390380,-390622,-4220049,-712471,-721744,-418,-10817
970,-393933,-394183,-4245471,-708621,-720718,-414,-10817
975,-397466,-397744,-4270893,-704771,-721154,-404,-10817
980,-400981,-401268,-4296315,-700921,-718385,-399,-10817
985,-404476,-404748,-4321737,-697071,-712308,-400,-10817
990,-407951,-408207,-4347159,-693221,-706359,-402,-10817
995,-411408,-411660,-4372581,-689371,-702667,-400,-10817
1000,-414845,-415105,-4398003,-685521,-700333,-395,-10817
1005,-418263,-418528,-4423425,-681671,-697333,-391,-10817
1010,-421662,-421923,-4448847,-677821,-693000,-390,-10817
1015,-425041,-425294,-4474269,-673971,-688256,-389,-10817
1020,-428401,-428650,-4499691,-670121,-684179,-388,-10817
1025,-431742,-431992,-4525113,-666271,-680795,-385,-10817
1030,-435064,-435316,-4550535,-662421,-677385,-381,-10817
1035,-438367,-438617,-4575957,-658571,-673513,-379,-10817
1040,-441650,-441896,-4601379,-654721,-669333,-377,-10817
1045,-444914,-445156,-4626801,-650871,-665282,-376,-10817
1050,-448159,-448400,-4652223,-647021,-661564,-373,-10817
1055,-451384,-451625,-4677645,-643171,-657897,-371,-10817
1060,-454590,-454830,-4703067,-639321,-654103,-369,-10817
1065,-457777,-458014,-4728489,-635471,-650128,-367,-10817
1070,-460945,-461180,-4753911,-631621,-646205,-364,-10817
1075,-464093,-464326,-4779333,-627771,-642333,-362,-10817
1080,-467223,-467454,-4804755,-623921,-638590,-360,-10817
1085,-470333,-470562,-4830177,-620071,-634769,-358,-10817
1090,-473423,-473652,-4855599,-616221,-630923,-355,-10817
1095,-476495,-476721,-4881021,-612371,-627000,-353,-10817
1100,-479547,-479771,-4906443,-608521,-623154,-351,-10817
1105,-482580,-482802,-4931865,-604671,-619308,-349,-10817
1110,-485594,-485814,-4957287,-600821,-615462,-347,-10817
1115,-488588,-488807,-4982709,-596971,-611641,-345,-10817
1120,-491564,-491781,-5008131,-593121,-607795,-342,-10817
1125,-494520,-494734,-5033553,-589271,-603897,-340,-10817
1130,-497456,-497669,-5058975,-585421,-600051,-338,-10817
1135,-500374,-500585,-5084397,-581571,-596205,-336,-10817
1140,-503272,-503481,-5109819,-577721,-592359,-334,-10817
1145,-506151,-506359,-5135241,-573871,-588538,-332,-10817
1150,-509011,-509217,-5160663,-570021,-584692,-329,-10817
1155,-511851,-512055,-5186085,-566171,-580821,-327,-10817
1160,-514672,-514874,-5211507,-562321,-576949,-325,-10817
1165,-517474,-517674,-5236929,-558471,-573103,-323,-10817
1170,-520257,-520455,-5262351,-554621,-569256,-321,-10817
1175,-523021,-523218,-5287773,-550771,-565462,-318,-10817
1180,-525765,-525960,-5313195,-546921,-561590,-316,-10817
1185,-528490,-528682,-5338617,-543071,-557692,-314,-10817
1190,-531195,-531387,-5364039,-539221,-553872,-312,-10817
1195,-533882,-534072,-5389461,-535371,-550026,-310,-10817
1200,-536549,-536737,-5414883,-531521,-546179,-307,-10817
1205,-539197,-539383,-5440305,-527671,-542333,-305,-10817
1210,-541826,-542010,-5465727,-523821,-538487,-303,-10817
1215,-544435,-544617,-5491149,-519971,-534590,-301,-10817
1220,-547026,-547206,-5516571,-516121,-530769,-299,-10817
1225,-549597,-549775,-5541993,-512271,-526923,-297,-10817
1230,-552148,-552325,-5567415,-508421,-523077,-294,-10817
1235,-554681,-554856,-5592837,-504571,-519231,-292,-10817
1240,-557194,-557367,-5618259,-500721,-515359,-290,-10817
1245,-559688,-559859,-5643681,-496871,-511513,-288,-10817
1250,-562163,-562332,-5669103,-493021,-507667,-286,-10817
1255,-564618,-564786,-5694525,-489171,-503846,-283,-10817
1260,-567054,-567220,-5719947,-485321,-499974,-281,-10817
1265,-569471,-569635,-5745369,-481471,-496103,-279,-10817
1270,-571869,-572031,-5770791,-477621,-492256,-277,-10817
1275,-574248,-574408,-5796213,-473771,-488436,-275,-10817
1280,-576607,-576766,-5821635,-469921,-484590,-272,-10817
1285,-578947,-579103,-5847057,-466071,-480718,-270,-10817
1290,-581268,-581422,-5872479,-462221,-476846,-268,-10817
1295,-583569,-583722,-5897901,-458371,-473026,-266,-10817
1300,-585851,-586002,-5923323,-454521,-469179,-264,-10817
1305,-588114,-588264,-5948745,-450671,-465333,-261,-10817
1310,-590358,-590505,-5974167,-446821,-461462,-259,-10817
1315,-592582,-592728,-5999589,-442971,-457615,-257,-10817
1320,-594788,-594932,-6025011,-439121,-453769,-255,-10817
1325,-596974,-597116,-6050433,-435271,-449949,-253,-10817
1330,-599140,-599281,-6075855,-431421,-446077,-251,-10817
1335,-601288,-601426,-6101277,-427571,-442205,-248,-10817
1340,-603416,-603553,-6126699,-423721,-438385,-246,-10817
1345,-605525,-605660,-6152121,-419871,-434538,-244,-10817
1350,-607615,-607748,-6177543,-416021,-430692,-242,-10817
1355,-609685,-609816,-6202965,-412171,-426821,-240,-10817
1360,-611737,-611866,-6228387,-408321,-422974,-237,-10817
1365,-613768,-613896,-6253809,-404471,-419128,-235,-10817
1370,-615781,-615907,-6279231,-400621,-415282,-233,-10817
1375,-617775,-617898,-6304653,-396771,-411410,-231,-10817
1380,-619749,-619871,-6330075,-392921,-407564,-229,-10817
1385,-621704,-621824,-6355497,-389071,-403718,-226,-10817
1390,-623640,-623758,-6380919,-385221,-399872,-224,-10817
1395,-625556,-625672,-6406341,-381371,-396000,-222,-10817
1400,-627453,-627568,-6431763,-377521,-392179,-220,-10817
1405,-629331,-629444,-6457185,-373671,-388308,-218,-10817
1410,-631190,-631301,-6482607,-369821,-384462,-216,-10817
1415,-633030,-633139,-6508029,-365971,-380641,-213,-10817
1420,-634850,-634958,-6533451,-362121,-376795,-211,-10817
1425,-636651,-636756,-6558873,-358271,-372897,-209,-10817
1430,-638432,-638536,-6584295,-354421,-369077,-207,-10817
1435,-640195,-640297,-6609717,-350571,-365231,-205,-10817
1440,-641938,-642038,-6635139,-346721,-361385,-202,-10817
1445,-643662,-643760,-6660561,-342871,-357513,-200,-10817
1450,-645367,-645464,-6685983,-339021,-353692,-198,-10817
1455,-647052,-647147,-6711405,-335171,-349821,-196,-10817
1460,-648719,-648811,-6736827,-331321,-345949,-194,-10817
1465,-650366,-650457,-6762249,-327471,-342128,-191,-10817
1470,-651993,-652082,-6787671,-323621,-338256,-189,-10817
1475,-653602,-653689,-6813093,-319771,-334410,-187,-10817
1480,-655191,-655277,-6838515,-315921,-330590,-185,-10817
1485,-656761,-656845,-6863937,-312071,-326744,-183,-10817
1490,-658312,-658393,-6889359,-308221,-322846,-181,-10817
1495,-659843,-659923,-6914781,-304371,-319026,-178,-10817
1500,-661355,-661434,-6940203,-300521,-315179,-176,-10817
1505,-662848,-662925,-6965625,-296671,-311333,-174,-10817
1510,-664322,-664397,-6991047,-292821,-307487,-172,-10817
1515,-665777,-665849,-7016469,-288971,-303615,-170,-10817
1520,-667212,-667283,-7041891,-285121,-299769,-167,-10817
1525,-668628,-668697,-7067313,-281271,-295923,-165,-10817
1530,-670025,-670092,-7092735,-277421,-292077,-163,-10817
1535,-671402,-671468,-7118157,-273571,-288231,-161,-10817
1540,-672760,-672824,-7143579,-269721,-284385,-159,-10817
1545,-674099,-674161,-7169001,-265871,-280513,-156,-10817
1550,-675419,-675479,-7194423,-262021,-276667,-154,-10817
1555,-676719,-676778,-7219845,-258171,-272821,-152,-10817
1560,-678001,-678057,-7245267,-254321,-268974,-150,-10817
1565,-679263,-679317,-7270689,-250471,-265128,-148,-10817
1570,-680505,-680558,-7296111,-246621,-261256,-145,-10817
1575,-681729,-681780,-7321533,-242771,-257436,-143,-10817
1580,-682933,-682982,-7346955,-238921,-253564,-141,-10817
1585,-684118,-684165,-7372377,-235071,-249718,-139,-10817
1590,-685284,-685329,-7397799,-231221,-245872,-137,-10817
1595,-686430,-686474,-7423221,-227371,-242026,-135,-10817
1600,-687557,-687600,-7448643,-223521,-238205,-132,-10817
1605,-688665,-688706,-7474065,-219671,-234333,-130,-10817
1610,-689754,-689792,-7499487,-215821,-230462,-128,-10817
1615,-690824,-690860,-7524909,-211971,-226615,-126,-10817
1620,-691874,-691909,-7550331,-208121,-222795,-124,-10817
1625,-692905,-692938,-7575753,-204271,-218949,-121,-10817
1630,-693917,-693947,-7601175,-200421,-215077,-119,-10817
1635,-694909,-694938,-7626597,-196571,-211205,-117,-10817
1640,-695882,-695909,-7652019,-192721,-207359,-115,-10817
1645,-696836,-696862,-7677441,-188871,-203538,-113,-10817
1650,-697771,-697795,-7702863,-185021,-199692,-110,-10817
1655,-698686,-698708,-7728285,-181171,-195821,-108,-10817
1660,-699583,-699603,-7753707,-177321,-191974,-106,-10817
1665,-700460,-700478,-7779129,-173471,-188128,-104,-10817
1670,-701317,-701333,-7804551,-169621,-184256,-102,-10817
1675,-702156,-702170,-7829973,-165771,-180410,-100,-10817
1680,-702975,-702988,-7855395,-161921,-176590,-97,-10817
1685,-703775,-703787,-7880817,-158071,-172744,-95,-10817
1690,-704556,-704565,-7906239,-154221,-168872,-93,-10817
1695,-705317,-705324,-7931661,-150371,-165000,-91,-10817
1700,-706060,-706065,-7957083,-146521,-161179,-89,-10817
1705,-706783,-706787,-7982505,-142671,-157359,-86,-10817
1710,-707486,-707488,-8007927,-138821,-153487,-84,-10817
1715,-708171,-708171,-8033349,-134971,-149641,-82,-10817
1720,-708836,-708834,-8058771,-131121,-145744,-80,-10817
1725,-709482,-709478,-8084193,-127271,-141897,-78,-10817
1730,-710109,-710103,-8109615,-123421,-138077,-75,-10817
1735,-710716,-710709,-8135037,-119571,-134231,-73,-10817
1740,-711304,-711295,-8160459,-115721,-130359,-71,-10817
1745,-711873,-711862,-8185881,-111871,-126487,-69,-10817
1750,-712423,-712410,-8211303,-108021,-122667,-67,-10817
1755,-712954,-712939,-8236725,-104171,-118821,-65,-10817
1760,-713465,-713448,-8262147,-100321,-114974,-62,-10817
1765,-713957,-713938,-8287569,-96471,-111128,-60,-10817
1770,-714429,-714409,-8312991,-92621,-107256,-58,-10817
1775,-714883,-714861,-8338413,-88771,-103410,-56,-10817
1780,-715317,-715294,-8363835,-84921,-99590,-54,-10817
1785,-715732,-715707,-8389257,-81071,-95718,-51,-10817
1790,-716128,-716101,-8414679,-77221,-91872,-49,-10817
1795,-716504,-716475,-8440101,-73371,-88026,-47,-10817
1800,-716862,-716831,-8465523,-69521,-84179,-45,-10817
1805,-717200,-717167,-8490945,-65671,-80333,-43,-10817
1810,-717518,-717483,-8516367,-61821,-76462,-41,-10817
1815,-717818,-717781,-8541789,-57971,-72615,-38,-10817
1820,-718098,-718060,-8567211,-54121,-68769,-36,-10817
1825,-718359,-718319,-8592633,-50271,-64923,-34,-10817
1830,-718601,-718559,-8618055,-46421,-61077,-32,-10817
1835,-718823,-718780,-8643477,-42571,-57231,-29,-10817
1840,-719026,-718981,-8668899,-38721,-53385,-27,-10817
1845,-719210,-719163,-8694321,-34871,-49513,-25,-10817
1850,-719375,-719326,-8719743,-31021,-45667,-23,-10817
1855,-719521,-719470,-8745165,-27171,-41846,-21,-10817
1860,-719647,-719594,-8770587,-23321,-37974,-19,-10817
1865,-719754,-719699,-8796009,-19471,-34103,-16,-10817
1870,-719842,-719785,-8821431,-15621,-30256,-14,-10817
1875,-719910,-719852,-8846853,-11771,-26436,-12,-10817
1880,-719959,-719903,-8872275,-7921,-22667,-9,-10817
1885,-719989,-719940,-8897697,-4071,-19051,-4,-10817
1890,-720000,-719962,-8923119,-221,-15538,1,-10817
1895,-720000,-719977,-8948541,0,-12333,-5,-10817
1900,-720000,-719997,-8973963,0,-9744,0,-10817
1905,-720000,-720004,-8997450,0,-7333,1,30000
1910,-720000,-720003,-9013179,0,-5205,1,30000
1915,-720000,-720000,-9021410,0,-3513,0,26793
1920,-720000,-719999,-9023015,0,-2256,0,23667
1925,-720000,-719999,-9018880,0,-1359,0,20953
1930,-720000,-720000,-9009724,0,-923,0,18573
1935,-720000,-720000,-8996174,0,-462,0,16491
1940,-720000,-719999,-8978779,0,26,0,14668
1945,-720000,-720000,-8958020,0,128,0,13073
1950,-720000,-719999,-8934317,0,77,0,11677
1955,-720000,-720000,-8908860,0,0,0,10828
1960,-720000,-720000,-8883441,0,-26,0,10813
1965,-720000,-719999,-8858023,0,0,0,10813
1970,-720000,-720000,-8832605,0,0,0,10813
1975,-720000,-720000,-8807187,0,0,0,10813
1980,-720000,-720000,-8781769,0,0,0,10813
1985,-720000,-720000,-8756351,0,0,0,10813
1990,-720000,-719999,-8730933,0,0,0,10813
1995,-720000,-720000,-8705515,0,0,0,10813
2000,-720000,-720000,-8680097,0,0,0,10813
2005,-720000,-719999,-8654679,0,0,0,10813
2010,-720000,-720000,-8629261,0,0,0,10813
2015,-720000,-719999,-8603843,0,0,0,10813
2020,-720000,-720000,-8578425,0,0,0,10813
2025,-720000,-720000,-8553007,0,0,0,10813
2030,-720000,-719999,-8527589,0,0,0,10813
2035,-720000,-720000,-8502171,0,0,0,10813
2040,-720000,-720000,-8476753,0,0,0,10813
2045,-720000,-720000,-8451335,0,0,0,10813
2050,-720000,-720000,-8425917,0,0,0,10813
2055,-720000,-719999,-8400499,0,0,0,10813
2060,-720000,-720000,-8375081,0,0,0,10813
2065,-720000,-720000,-8349663,0,0,0,10813
2070,-720000,-719999,-8324245,0,0,0,10813
2075,-720000,-720000,-8298827,0,0,0,10813
2080,-720000,-719999,-8273409,0,0,0,10813
2085,-720000,-720000,-8247991,0,0,0,10813
2090,-720000,-720000,-8222573,0,0,0,10813
2095,-720000,-719999,-8197155,0,0,0,10813
2100,-720000,-720000,-8171737,0,0,0,10813
2105,-720000,-720000,-8146319,0,0,0,10813
2110,-720000,-720000,-8120901,0,0,0,10813
2115,-720000,-720000,-8095483,0,0,0,10813
2120,-720000,-719999,-8070065,0,0,0,10813
2125,-720000,-720000,-8044647,0,0,0,10813
2130,-720000,-720000,-8019229,0,0,0,10813
2135,-720000,-719999,-7993811,0,0,0,10813
2140,-720000,-720000,-7968393,0,0,0,10813
2145,-720000,-719999,-7942975,0,0,0,10813
2150,-720000,-720000,-7917557,0,0,0,10813
2155,-720000,-720000,-7892139,0,0,0,10813
2160,-720000,-719999,-7866721,0,0,0,10813
2165,-720000,-720000,-7841303,0,0,0,10813
2170,-720000,-720000,-7815885,0,0,0,10813
2175,-720000,-720000,-7790467,0,0,0,10813
2180,-720000,-720000,-7765049,0,0,0,10813
2185,-720000,-719999,-7739631,0,0,0,10813
2190,-720000,-720000,-7714213,0,0,0,10813
2195,-720000,-720000,-7688795,0,0,0,10813
2200,-720000,-719999,-7663377,0,0,0,10813
2205,-720000,-720000,-7637959,0,0,0,10813
2210,-720000,-719999,-7612541,0,0,0,10813
2215,-720000,-720000,-7587123,0,0,0,10813
2220,-720000,-720000,-7561705,0,0,0,10813
2225,-720000,-719999,-7536287,0,0,0,10813
2230,-720000,-720000,-7510869,0,0,0,10813
2235,-720000,-720000,-7485451,0,0,0,10813
2240,-720000,-720000,-7460033,0,0,0,10813
2245,-720000,-720000,-7434615,0,0,0,10813
2250,-720000,-719999,-7409197,0,0,0,10813
2255,-720000,-720000,-7383779,0,0,0,10813
2260,-720000,-720000,-7358361,0,0,0,10813
2265,-720000,-719999,-7332943,0,0,0,10813
2270,-720000,-720000,-7307525,0,0,0,10813
2275,-720000,-719999,-7282107,0,0,0,10813
2280,-720000,-720000,-7256689,0,0,0,10813
2285,-720000,-720000,-7231271,0,0,0,10813
2290,-720000,-719999,-7205853,0,0,0,10813
2295,-720000,-720000,-7180435,0,0,0,10813
2300,-720000,-720000,-7155017,0,0,0,10813
2305,-720000,-720000,-7129599,0,0,0,10813
2310,-720000,-720000,-7104181,0,0,0,10813
2315,-720000,-719999,-7078763,0,0,0,10813
2320,-720000,-720000,-7053345,0,0,0,10813
2325,-720000,-720000,-7027927,0,0,0,10813
2330,-720000,-719999,-7002509,0,0,0,10813
2335,-720000,-720000,-6977091,0,0,0,10813
2340,-720000,-719999,-6951673,0,0,0,10813
2345,-720000,-720000,-6926255,0,0,0,10813
2350,-720000,-720000,-6900837,0,0,0,10813
2355,-720000,-719999,-6875419,0,0,0,10813
2360,-720000,-720000,-6850001,0,0,0,10813
2365,-720000,-720000,-6824583,0,0,0,10813
2370,-720000,-720000,-6799165,0,0,0,10813
2375,-720000,-720000,-6773747,0,0,0,10813
2380,-720000,-719999,-6748329,0,0,0,10813
2385,-720000,-720000,-6722911,0,0,0,10813
2390,-720000,-720000,-6697493,0,0,0,10813
2395,-720000,-719999,-6672075,0,0,0,10813
2400,-720000,-720000,-6646657,0,0,0,10813
2405,-720000,-719999,-6621239,0,0,0,10813
2410,-720000,-720000,-6595821,0,0,0,10813
2415,-720000,-720000,-6570403,0,0,0,10813
2420,-720000,-719999,-6544985,0,0,0,10813
2425,-720000,-720000,-6519567,0,0,0,10813
2430,-720000,-720000,-6494149,0,0,0,10813
2435,-720000,-720000,-6468731,0,0,0,10813
2440,-720000,-720000,-6443313,0,0,0,10813
2445,-720000,-719999,-6417895,0,0,0,10813
2450,-720000,-720000,-6392477,0,0,0,10813
2455,-720000,-720000,-6367059,0,0,0,10813
2460,-720000,-719999,-6341641,0,0,0,10813
2465,-720000,-720000,-6316223,0,0,0,10813
2470,-720000,-719999,-6290805,0,0,0,10813
2475,-720000,-720000,-6265387,0,0,0,10813
2480,-720000,-720000,-6239969,0,0,0,10813
2485,-720000,-719999,-6214551,0,0,0,10813
2490,-720000,-720000,-6189133,0,0,0,10813
2495,-720000,-720000,-6163715,0,0,0,10813
2500,-720000,-720000,-6138297,0,0,0,10813
2505,-720000,-720000,-6112879,0,0,0,10813
2510,-720000,-719999,-6087461,0,0,0,10813
2515,-720000,-720000,-6062043,0,0,0,10813
2520,-720000,-720000,-6036625,0,0,0,10813
2525,-720000,-719999,-6011207,0,0,0,10813
2530,-720000,-720000,-5985789,0,0,0,10813
2535,-720000,-719999,-5960371,0,0,0,10813
2540,-720000,-720000,-5934953,0,0,0,10813
2545,-720000,-720000,-5909535,0,0,0,10813
2550,-720000,-719999,-5884117,0,0,0,10813
2555,-720000,-720000,-5858699,0,0,0,10813
2560,-720000,-720000,-5833281,0,0,0,10813
2565,-720000,-720000,-5807863,0,0,0,10813
2570,-720000,-720000,-5782445,0,0,0,10813
2575,-720000,-719999,-5757027,0,0,0,10813
2580,-720000,-720000,-5731609,0,0,0,10813
2585,-720000,-720000,-5706191,0,0,0,10813
2590,-720000,-719999,-5680773,0,0,0,10813
2595,-720000,-720000,-5655355,0,0,0,10813
2600,-720000,-719999,-5629937,0,0,0,10813
2605,-720000,-720000,-5604519,0,0,0,10813
2610,-720000,-720000,-5579101,0,0,0,10813
2615,-720000,-719999,-5553683,0,0,0,10813
2620,-720000,-720000,-5528265,0,0,0,10813
2625,-720000,-720000,-5502847,0,0,0,10813
2630,-720000,-720000,-5477429,0,0,0,10813
2635,-720000,-720000,-5452011,0,0,0,10813
2640,-720000,-719999,-5426593,0,0,0,10813
2645,-720000,-720000,-5401175,0,0,0,10813
2650,-720000,-720000,-5375757,0,0,0,10813
2655,-720000,-719999,-5350339,0,0,0,10813
2660,-720000,-720000,-5324921,0,0,0,10813
2665,-720000,-719999,-5299503,0,0,0,10813
2670,-720000,-720000,-5274085,0,0,0,10813
2675,-720000,-720000,-5248667,0,0,0,10813
2680,-720000,-719999,-5223249,0,0,0,10813
2685,-720000,-720000,-5197831,0,0,0,10813
2690,-720000,-720000,-5172413,0,0,0,10813
2695,-720000,-720000,-5146995,0,0,0,10813
2700,-720000,-720000,-5121577,0,0,0,10813
2705,-720000,-719999,-5096159,0,0,0,10813
2710,-720000,-720000,-5070741,0,0,0,10813
2715,-720000,-720000,-5045323,0,0,0,10813
2720,-720000,-719999,-5019905,0,0,0,10813
2725,-720000,-720000,-4994487,0,0,0,10813
2730,-720000,-719999,-4969069,0,0,0,10813
2735,-720000,-720000,-4943651,0,0,0,10813
2740,-720000,-720000,-4918233,0,0,0,10813
2745,-720000,-719999,-4892815,0,0,0,10813
2750,-720000,-720000,-4867397,0,0,0,10813
2755,-720000,-720000,-4841979,0,0,0,10813
2760,-720000,-720000,-4816561,0,0,0,10813
2765,-720000,-720000,-4791143,0,0,0,10813
2770,-720000,-719999,-4765725,0,0,0,10813
2775,-720000,-720000,-4740307,0,0,0,10813
2780,-720000,-720000,-4714889,0,0,0,10813
2785,-720000,-719999,-4689471,0,0,0,10813
2790,-720000,-720000,-4664053,0,0,0,10813
2795,-720000,-719999,-4638635,0,0,0,10813
2800,-720000,-720000,-4613217,0,0,0,10813
2805,-720000,-720000,-4587799,0,0,0,10813
2810,-720000,-719999,-4562381,0,0,0,10813
2815,-720000,-720000,-4536963,0,0,0,10813
2820,-720000,-720000,-4511545,0,0,0,10813
2825,-720000,-720000,-4486127,0,0,0,10813
2830,-720000,-720000,-4460709,0,0,0,10813
2835,-720000,-719999,-4435291,0,0,0,10813
2840,-720000,-720000,-4409873,0,0,0,10813
2845,-720000,-720000,-4384455,0,0,0,10813
2850,-720000,-719999,-4359037,0,0,0,10813
2855,-720000,-720000,-4333619,0,0,0,10813
2860,-720000,-719999,-4308201,0,0,0,10813
2865,-720000,-720000,-4282783,0,0,0,10813
2870,-720000,-720000,-4257365,0,0,0,10813
2875,-720000,-719999,-4231947,0,0,0,10813
2880,-720000,-720000,-4206529,0,0,0,10813
2885,-720000,-720000,-4181111,0,0,0,10813
2890,-720000,-720000,-4155693,0,0,0,10813
2895,-720000,-720000,-4130275,0,0,0,10813
2900,-720000,-719999,-4104857,0,0,0,10813
2905,-720000,-720000,-4079439,0,0,0,10813
2910,-720000,-720000,-4054021,0,0,0,10813
2915,-720000,-719999,-4028603,0,0,0,10813
2920,-720000,-720000,-4003185,0,0,0,10813
2925,-720000,-719999,-3977767,0,0,0,10813
2930,-720000,-720000,-3952349,0,0,0,10813
2935,-720000,-720000,-3926931,0,0,0,10813
2940,-720000,-719999,-3901513,0,0,0,10813
2945,-720000,-720000,-3876095,0,0,0,10813
2950,-720000,-720000,-3850677,0,0,0,10813
2955,-720000,-720000,-3825259,0,0,0,10813
2960,-720000,-720000,-3799841,0,0,0,10813
2965,-720000,-719999,-3774423,0,0,0,10813
2970,-720000,-720000,-3749005,0,0,0,10813
2975,-720000,-720000,-3723587,0,0,0,10813
2980,-720000,-719999,-3698169,0,0,0,10813
2985,-720000,-720000,-3672751,0,0,0,10813
2990,-720000,-719999,-3647333,0,0,0,10813
2995,-720000,-720000,-3621915,0,0,0,10813
3000,-720000,-720000,-3596497,0,0,0,10813
3005,-720000,-719999,-3571079,0,0,0,10813
3010,-720000,-720000,-3545661,0,0,0,10813
3015,-720000,-720000,-3520243,0,0,0,10813
3020,-720000,-720000,-3494825,0,0,0,10813
3025,-720000,-720000,-3469407,0,0,0,10813
3030,-720000,-719999,-3443989,0,0,0,10813
3035,-720000,-720000,-3418571,0,0,0,10813
3040,-720000,-720000,-3393153,0,0,0,10813
3045,-720000,-719999,-3367735,0,0,0,10813
3050,-720000,-720000,-3342317,0,0,0,10813
3055,-720000,-719999,-3316899,0,0,0,10813
3060,-720000,-720000,-3291481,0,0,0,10813
3065,-720000,-720000,-3266063,0,0,0,10813
3070,-720000,-719999,-3240645,0,0,0,10813
3075,-720000,-720000,-3215227,0,0,0,10813
3080,-720000,-720000,-3189809,0,0,0,10813
3085,-720000,-720000,-3164391,0,0,0,10813
3090,-720000,-720000,-3138973,0,0,0,10813
3095,-720000,-719999,-3113555,0,0,0,10813
3100,-720000,-720000,-3088137,0,0,0,10813
3105,-720000,-720000,-3062719,0,0,0,10813
3110,-720000,-719999,-3037301,0,0,0,10813
3115,-720000,-720000,-3011883,0,0,0,10813
3120,-720000,-719999,-2986465,0,0,0,10813
3125,-720000,-720000,-2961047,0,0,0,10813
3130,-720000,-720000,-2935629,0,0,0,10813
3135,-720000,-719999,-2910211,0,0,0,10813
3140,-720000,-720000,-2884793,0,0,0,10813
3145,-720000,-720000,-2859375,0,0,0,10813
3150,-720000,-720000,-2833957,0,0,0,10813
3155,-720000,-720000,-2808539,0,0,0,10813
3160,-720000,-719999,-2783121,0,0,0,10813
3165,-720000,-720000,-2757703,0,0,0,10813
3170,-720000,-720000,-2732285,0,0,0,10813
3175,-720000,-719999,-2706867,0,0,0,10813
3180,-720000,-720000,-2681449,0,0,0,10813
3185,-720000,-719999,-2656031,0,0,0,10813
3190,-720000,-720000,-2630613,0,0,0,10813
3195,-720000,-720000,-2605195,0,0,0,10813
3200,-720000,-719999,-2579777,0,0,0,10813
3205,-720000,-720000,-2554359,0,0,0,10813
3210,-720000,-720000,-2528941,0,0,0,10813
3215,-720000,-720000,-2503523,0,0,0,10813
3220,-720000,-720000,-2478105,0,0,0,10813
3225,-720000,-719999,-2452687,0,0,0,10813
3230,-720000,-720000,-2427269,0,0,0,10813
3235,-720000,-720000,-2401851,0,0,0,10813
3240,-720000,-719999,-2376433,0,0,0,10813
3245,-720000,-720000,-2351015,0,0,0,10813
3250,-720000,-719999,-2325597,0,0,0,10813
3255,-720000,-720000,-2300179,0,0,0,10813
3260,-720000,-720000,-2274761,0,0,0,10813
3265,-720000,-719999,-2249343,0,0,0,10813
3270,-720000,-720000,-2223925,0,0,0,10813
3275,-720000,-720000,-2198507,0,0,0,10813
3280,-720000,-720000,-2173089,0,0,0,10813
3285,-720000,-720000,-2147671,0,0,0,10813
3290,-720000,-719999,-2122253,0,0,0,10813
3295,-720000,-720000,-2096835,0,0,0,10813
3300,-720000,-720000,-2071417,0,0,0,10813
3305,-720000,-719999,-2045999,0,0,0,10813
3310,-720000,-720000,-2020581,0,0,0,10813
3315,-720000,-719999,-1995163,0,0,0,10813
3320,-720000,-720000,-1969745,0,0,0,10813
3325,-720000,-720000,-1944327,0,0,0,10813
3330,-720000,-719999,-1918909,0,0,0,10813
3335,-720000,-720000,-1893491,0,0,0,10813
3340,-720000,-720000,-1868073,0,0,0,10813
3345,-720000,-720000,-1842655,0,0,0,10813
3350,-720000,-720000,-1817237,0,0,0,10813
3355,-720000,-719999,-1791819,0,0,0,10813
3360,-720000,-720000,-1766401,0,0,0,10813
3365,-720000,-720000,-1740983,0,0,0,10813
3370,-720000,-719999,-1715565,0,0,0,10813
3375,-720000,-720000,-1690147,0,0,0,10813
3380,-720000,-719999,-1664729,0,0,0,10813
3385,-720000,-720000,-1639311,0,0,0,10813
3390,-720000,-720000,-1613893,0,0,0,10813
3395,-720000,-719999,-1588475,0,0,0,10813
3400,-720000,-720000,-1563057,0,0,0,10813
3405,-720000,-720000,-1537639,0,0,0,10813
3410,-720000,-720000,-1512221,0,0,0,10813
3415,-720000,-720000,-1486803,0,0,0,10813
3420,-720000,-719999,-1461385,0,0,0,10813
3425,-720000,-720000,-1435967,0,0,0,10813
3430,-720000,-720000,-1410549,0,0,0,10813
3435,-720000,-719999,-1385131,0,0,0,10813
3440,-720000,-720000,-1359713,0,0,0,10813
3445,-720000,-719999,-1334295,0,0,0,10813
3450,-720000,-720000,-1308877,0,0,0,10813
3455,-720000,-720000,-1283459,0,0,0,10813
3460,-720000,-719999,-1258041,0,0,0,10813
3465,-720000,-720000,-1232623,0,0,0,10813
3470,-720000,-720000,-1207205,0,0,0,10813
3475,-720000,-720000,-1181787,0,0,0,10813
3480,-720000,-720000,-1156369,0,0,0,10813
3485,-720000,-719999,-1130951,0,0,0,10813
3490,-720000,-720000,-1105533,0,0,0,10813
3495,-720000,-720000,-1080115,0,0,0,10813
3500,-720000,-719999,-1054697,0,0,0,10813
3505,-720000,-720000,-1029279,0,0,0,10813
3510,-720000,-719999,-1003861,0,0,0,10813
3515,-720000,-720000,-978443,0,0,0,10813
3520,-720000,-720000,-953025,0,0,0,10813
3525,-720000,-719999,-927607,0,0,0,10813
3530,-720000,-720000,-902189,0,0,0,10813
3535,-720000,-720000,-876771,0,0,0,10813
3540,-720000,-720000,-851353,0,0,0,10813
3545,-720000,-720000,-825935,0,0,0,10813
3550,-720000,-719999,-800517,0,0,0,10813
3555,-720000,-720000,-775099,0,0,0,10813
3560,-720000,-720000,-749823,0,0,0,7674
3565,-720000,-719999,-725097,0,0,0,-1430
3570,-720000,-720000,-701348,0,0,0,-10368
3575,-720000,-719999,-680593,0,0,0,-15196
3580,-720000,-720000,-664069,0,0,0,-21048
3585,-720000,-720000,-653083,0,0,0,-24797
3590,-720000,-719999,-648361,0,0,0,-25006
3595,-720000,-720000,-649781,0,0,0,-22233
3600,-720000,-720000,-656561,0,0,0,-19702
3605,-720000,-720000,-668025,0,0,0,-17325
3610,-720000,-720000,-683372,0,0,0,-11287
3615,-720000,-719999,-701054,0,0,0,-4387
3620,-720000,-720000,-719342,0,0,0,2607
3625,-720000,-720000,-736579,0,0,0,7854
3630,-720000,-719999,-751527,0,0,0,11712
3635,-720000,-720000,-763234,0,0,0,15850
3640,-720000,-719999,-770780,0,0,0,18401
3645,-720000,-720000,-773647,0,0,0,19132
3650,-720000,-720000,-771830,0,0,0,18096
3655,-720000,-719999,-765696,0,0,0,15435
3660,-720000,-720000,-755997,0,0,0,11475
3665,-720000,-720000,-743781,0,0,0,6642
3670,-720000,-720000,-730279,0,0,0,1409
3675,-720000,-720000,-716792,0,0,0,-3716
3680,-720000,-719999,-704461,0,0,0,-5989
3685,-720000,-720000,-693901,0,0,0,-9274
3690,-720000,-720000,-685881,0,0,0,-12102
3695,-720000,-719999,-681022,0,0,0,-13710
3700,-720000,-720000,-679638,0,0,0,-13972
3705,-720000,-719999,-681647,0,0,0,-12957
3710,-720000,-720000,-686718,0,0,0,-10800
3715,-720000,-720000,-694253,0,0,0,-7744
3720,-720000,-719999,-703453,0,0,0,-4122
3725,-720000,-720000,-713400,0,0,0,-286
3730,-720000,-720000,-723143,0,0,0,3405
3735,-720000,-720000,-731894,0,0,0,4347
3740,-720000,-720000,-739359,0,0,0,6472
3745,-720000,-719999,-745038,0,0,0,8474
3750,-720000,-720000,-748491,0,0,0,9613
3755,-720000,-720000,-749496,0,0,0,9813
3760,-720000,-719999,-748126,0,0,0,9118
3765,-720000,-720000,-744609,0,0,0,7618
3770,-720000,-719999,-739361,0,0,0,5492
3775,-720000,-720000,-732940,0,0,0,2959
3780,-720000,-720000,-725987,0,0,0,279
3785,-720000,-719999,-719167,0,0,0,-2307
3790,-720000,-720000,-713030,0,0,0,-2937
3795,-720000,-720000,-707741,0,0,0,-3636
3800,-720000,-720000,-703500,0,0,0,-5122
3805,-720000,-720000,-700636,0,0,0,-6103
3810,-720000,-719999,-699354,0,0,0,-6467
3815,-720000,-720000,-699705,0,0,0,-6214
3820,-720000,-720000,-701523,0,0,0,-5416
3825,-720000,-719999,-704579,0,0,0,-4161
3830,-720000,-720000,-708538,0,0,0,-2589
3835,-720000,-719999,-712997,0,0,0,-854
3840,-720000,-720000,-717522,0,0,0,869
3845,-720000,-720000,-721725,0,0,0,1732
3850,-720000,-719999,-725423,0,0,0,1877
3855,-720000,-720000,-728579,0,0,0,2059
3860,-720000,-720000,-731122,0,0,0,2944
3865,-720000,-720000,-732856,0,0,0,3538
3870,-720000,-720000,-733657,0,0,0,3774
3875,-720000,-719999,-733491,0,0,0,3639
3880,-720000,-720000,-732474,0,0,0,3193
3885,-720000,-720000,-730741,0,0,0,2481
3890,-720000,-719999,-728479,0,0,0,1581
3895,-720000,-720000,-725920,0,0,0,585
3900,-720000,-719999,-723313,0,0,0,-407
3905,-720000,-720000,-720879,0,0,0,-846
3910,-720000,-720000,-718713,0,0,0,-938
3915,-720000,-719999,-716835,0,0,0,-988
3920,-720000,-720000,-715255,0,0,0,-1013
3925,-720000,-720000,-713974,0,0,0,-1004
3930,-720000,-720000,-712998,0,0,0,-1264
3935,-720000,-720000,-712386,0,0,0,-1464
3940,-720000,-719999,-712176,0,0,0,-1512
3945,-720000,-720000,-712322,0,0,0,-1436
3950,-720000,-720000,-712795,0,0,0,-1232
3955,-720000,-719999,-713523,0,0,0,-938
3960,-720000,-720000,-714427,0,0,0,-581
3965,-720000,-719999,-715418,0,0,0,-196
3970,-720000,-720000,-716404,0,0,0,56
3975,-720000,-720000,-717331,0,0,0,126
3980,-720000,-719999,-718183,0,0,0,167
3985,-720000,-720000,-718950,0,0,0,199
3990,-720000,-720000,-719625,0,0,0,225
3995,-720000,-720000,-720204,0,0,0,236
4000,-720000,-720000,-720686,0,0,0,239
4005,-720000,-719999,-721071,0,0,0,235
4010,-720000,-720000,-721361,0,0,0,221
4015,-720000,-720000,-721558,0,0,0,206
4020,-720000,-719999,-721676,0,0,0,185
4025,-720000,-720000,-721728,0,0,0,165
4030,-720000,-719999,-721731,0,0,0,148
4035,-720000,-720000,-721701,0,0,0,130
4040,-720000,-720000,-721646,0,0,0,121
4045,-720000,-719999,-721571,0,0,0,107
4050,-720000,-720000,-721486,0,0,0,92
4055,-720000,-720000,-721393,0,0,0,84
4060,-720000,-720000,-721298,0,0,0,71
4065,-720000,-720000,-721202,0,0,0,67
4070,-720000,-719999,-721107,0,0,0,61
4075,-720000,-720000,-721015,0,0,0,49
4080,-720000,-720000,-720928,0,0,0,47
4085,-720000,-719999,-720845,0,0,0,40
4090,-720000,-720000,-720767,0,0,0,36
4095,-720000,-719999,-720695,0,0,0,33
4100,-720000,-720000,-720628,0,0,0,26
4105,-720000,-720000,-720566,0,0,0,27
4110,-720000,-719999,-720509,0,0,0,21
4115,-720000,-720000,-720458,0,0,0,16
4120,-720000,-720000,-720413,0,0,0,19
4125,-720000,-720000,-720371,0,0,0,13
4130,-720000,-720000,-720333,0,0,0,13
4135,-720000,-719999,-720299,0,0,0,15
4140,-720000,-720000,-720267,0,0,0,9
4145,-720000,-720000,-720239,0,0,0,12
4150,-720000,-719999,-720214,0,0,0,7
4155,-720000,-720000,-720192,0,0,0,6
4160,-720000,-719999,-720172,0,0,0,7
4165,-720000,-720000,-720154,0,0,0,3
4170,-720000,-720000,-720138,0,0,0,6
4175,-720000,-719999,-720124,0,0,0,5
4180,-720000,-720000,-720112,0,0,0,1
4185,-720000,-720000,-720101,0,0,0,6
4190,-720000,-720000,-720091,0,0,0,1
4195,-720000,-720000,-720082,0,0,0,3
4200,-720000,-719999,-720074,0,0,0,3
4205,-720000,-720000,-720066,0,0,0,0
4210,-720000,-720000,-720060,0,0,0,3
4215,-720000,-719999,-720054,0,0,0,1
4220,-720000,-720000,-720049,0,0,0,1
4225,-720000,-719999,-720044,0,0,0,4
4230,-720000,-720000,-720040,0,0,0,-2
4235,-720000,-720000,-720038,0,0,0,1
4240,-720000,-719999,-720035,0,0,0,0
4245,-720000,-720000,-720032,0,0,0,-1
4250,-720000,-720000,-720031,0,0,0,2
4255,-720000,-720000,-720029,0,0,0,-1
4260,-720000,-720000,-720028,0,0,0,0
4265,-720000,-719999,-720027,0,0,0,3
4270,-720000,-720000,-720025,0,0,0,-1
4275,-720000,-720000,-720025,0,0,0,2
4280,-720000,-719999,-720023,0,0,0,1
4285,-720000,-720000,-720021,0,0,0,1
4290,-720000,-719999,-720019,0,0,0,1
4295,-720000,-720000,-720018,0,0,0,-2
4300,-720000,-720000,-720018,0,0,0,0
4305,-720000,-719999,-720017,0,0,0,-1
4310,-720000,-720000,-720017,0,0,0,-2
4315,-720000,-720000,-720018,0,0,0,1
4320,-720000,-720000,-720018,0,0,0,-1
4325,-720000,-720000,-720019,0,0,0,-1
4330,-720000,-719999,-720020,0,0,0,1
4335,-720000,-720000,-720020,0,0,0,-1
4340,-720000,-720000,-720021,0,0,0,1
4345,-720000,-719999,-720021,0,0,0,0
4350,-720000,-720000,-720021,0,0,0,0
4355,-720000,-719999,-720021,0,0,0,2
4360,-720000,-720000,-720021,0,0,0,-1
4365,-720000,-720000,-720022,0,0,0,1
4370,-720000,-719999,-720022,0,0,0,2
4375,-720000,-720000,-720022,0,0,0,-1
4380,-720000,-720000,-720023,0,0,0,1
4385,-720000,-720000,-720023,0,0,0,0
4390,-720000,-720000,-720023,0,0,0,2
4395,-720000,-719999,-720023,0,0,0,4
4400,-720000,-720000,-720022,0,0,0,-1
4405,-720000,-720000,-720022,0,0,0,0
4410,-720000,-719999,-720021,0,0,0,1
4415,-720000,-720000,-720020,0,0,0,-1
4420,-720000,-719999,-720020,0,0,0,0
4425,-720000,-720000,-720019,0,0,0,-2
4430,-720000,-720000,-720020,0,0,0,1
4435,-720000,-719999,-720020,0,0,0,0
4440,-720000,-720000,-720020,0,0,0,-1
4445,-720000,-720000,-720021,0,0,0,1
4450,-720000,-720000,-720021,0,0,0,-1
4455,-720000,-720000,-720022,0,0,0,-1
4460,-720000,-719999,-720023,0,0,0,3
4465,-720000,-720000,-720023,0,0,0,0
4470,-720000,-720000,-720023,0,0,0,4
4475,-720000,-719999,-720022,0,0,0,1
4480,-720000,-720000,-720021,0,0,0,-1
4485,-720000,-719999,-720021,0,0,0,0
4490,-720000,-720000,-720020,0,0,0,-2
4495,-720000,-720000,-720021,0,0,0,1
4500,-720000,-719999,-720021,0,0,0,0
4505,-720000,-720000,-720021,0,0,0,-1
4510,-720000,-720000,-720022,0,0,0,1
4515,-720000,-720000,-720022,0,0,0,0
4520,-720000,-720000,-720022,0,0,0,0
4525,-720000,-719999,-720022,0,0,0,4
4530,-720000,-720000,-720021,0,0,0,-1
4535,-720000,-720000,-720022,0,0,0,1
4540,-720000,-719999,-720022,0,0,0,2
4545,-720000,-720000,-720021,0,0,0,0
4550,-720000,-719999,-720020,0,0,0,2
4555,-720000,-720000,-720019,0,0,0,-2
4560,-720000,-720000,-720020,0,0,0,1
4565,-720000,-719999,-720020,0,0,0,0
4570,-720000,-720000,-720020,0,0,0,-1
4575,-720000,-720000,-720021,0,0,0,1
4580,-720000,-720000,-720021,0,0,0,-1
4585,-720000,-720000,-720022,0,0,0,-1
4590,-720000,-719999,-720023,0,0,0,3
4595,-720000,-720000,-720023,0,0,0,0
4600,-720000,-720000,-720023,0,0,0,4
4605,-720000,-719999,-720022,0,0,0,1
4610,-720000,-720000,-720021,0,0,0,-1
4615,-720000,-719999,-720021,0,0,0,0
4620,-720000,-720000,-720020,0,0,0,-2
4625,-720000,-720000,-720021,0,0,0,1
4630,-720000,-719999,-720021,0,0,0,0
4635,-720000,-720000,-720021,0,0,0,-1
4640,-720000,-720000,-720022,0,0,0,1
4645,-720000,-720000,-720022,0,0,0,0
4650,-720000,-720000,-720022,0,0,0,0
4655,-720000,-719999,-720022,0,0,0,4
4660,-720000,-720000,-720021,0,0,0,-1
4665,-720000,-720000,-720022,0,0,0,1
4670,-720000,-719999,-720022,0,0,0,2
4675,-720000,-720000,-720021,0,0,0,0
4680,-720000,-719999,-720020,0,0,0,2
4685,-720000,-720000,-720019,0,0,0,-2
4690,-720000,-720000,-720020,0,0,0,1
4695,-720000,-719999,-720020,0,0,0,0
4700,-720000,-720000,-720020,0,0,0,-1
4705,-720000,-720000,-720021,0,0,0,1
4710,-720000,-720000,-720021,0,0,0,-1
4715,-720000,-720000,-720022,0,0,0,-1
4720,-720000,-719999,-720023,0,0,0,3
4725,-720000,-720000,-720023,0,0,0,0
4730,-720000,-720000,-720023,0,0,0,4
4735,-720000,-719999,-720022,0,0,0,1
4740,-720000,-720000,-720021,0,0,0,-1
4745,-720000,-719999,-720021,0,0,0,0
4750,-720000,-720000,-720020,0,0,0,-2
4755,-720000,-720000,-720021,0,0,0,1
4760,-720000,-719999,-720021,0,0,0,0
4765,-720000,-720000,-720021,0,0,0,-1
4770,-720000,-720000,-720022,0,0,0,1
4775,-720000,-720000,-720022,0,0,0,0
4780,-720000,-720000,-720022,0,0,0,0
4785,-720000,-719999,-720022,0,0,0,4
4790,-720000,-720000,-720021,0,0,0,-1
4795,-720000,-720000,-720022,0,0,0,1
4800,-720000,-719999,-720022,0,0,0,2
4805,-720000,-720000,-720021,0,0,0,0
4810,-720000,-719999,-720020,0,0,0,2
4815,-720000,-720000,-720019,0,0,0,-2
4820,-720000,-720000,-720020,0,0,0,1
4825,-720000,-719999,-720020,0,0,0,0
4830,-720000,-720000,-720020,0,0,0,-1
4835,-720000,-720000,-720021,0,0,0,1
4840,-720000,-720000,-720021,0,0,0,-1
4845,-720000,-720000,-720022,0,0,0,-1
4850,-720000,-719999,-720023,0,0,0,3
4855,-720000,-720000,-720023,0,0,0,0
4860,-720000,-720000,-720023,0,0,0,4
4865,-720000,-719999,-720022,0,0,0,1
4870,-720000,-720000,-720021,0,0,0,-1
4875,-720000,-719999,-720021,0,0,0,0
4880,-720000,-720000,-720020,0,0,0,-2
4885,-720000,-720000,-720021,0,0,0,1
4890,-720000,-719999,-720021,0,0,0,0
4895,-720000,-720000,-720021,0,0,0,-1
4900,-720000,-720000,-720022,0,0,0,1
4905,-720000,-720000,-720022,0,0,0,0
4910,-720000,-720000,-720022,0,0,0,0
4915,-720000,-719999,-720022,0,0,0,4
4920,-720000,-720000,-720021,0,0,0,-1
4925,-720000,-720000,-720022,0,0,0,1
4930,-720000,-719999,-720022,0,0,0,2
4935,-720000,-720000,-720021,0,0,0,0
4940,-720000,-719999,-720020,0,0,0,2
4945,-720000,-720000,-720019,0,0,0,-2
4950,-720000,-720000,-720020,0,0,0,1
4955,-720000,-719999,-720020,0,0,0,0
4960,-720000,-720000,-720020,0,0,0,-1
4965,-720000,-720000,-720021,0,0,0,1
4970,-720000,-720000,-720021,0,0,0,-1
4975,-720000,-720000,-720022,0,0,0,-1
4980,-720000,-719999,-720023,0,0,0,3
4985,-720000,-720000,-720023,0,0,0,0
4990,-720000,-720000,-720023,0,0,0,4
4995,-720000,-719999,-720022,0,0,0,1
TRACE END
