TRACE BEGIN axis=1 rows=1000 kp=0.00025 ki=8e-07 kv=1e-06 kd=1e-06 kff=0 ff=1 pwm=25000 target=720 duration=5 vmax=1100 accel=2200 vscale=1 ascale=0.35 vsrc=1 vwin=40 valpha=0.05
t_ms,ref_mdeg,enc_mdeg,hat_mdeg,vref_mdegs,what_mdegs,duty_milli,cur_01ma
0,0,0,0,0,0,19,0
5,10,-3,-6,3850,-77,85,-131
10,39,-167,-20,7700,-4282,-1000,367
15,87,-84,65,11550,-2154,-1000,759
20,272,-297,173,20464,-7615,1000,-2380
25,384,-214,-265,24314,-5487,1000,-2595
30,515,86,-1054,28164,2205,1000,2995
35,666,258,-1100,32014,6615,-1000,2934
40,835,204,-465,35864,5205,-1000,2612
45,1024,-82,523,39714,-2949,-1000,-3065
50,1232,-257,753,43564,-7667,1000,-2951
55,1460,-223,299,47414,-10282,1000,-2562
60,1706,51,-505,51264,4487,1000,2957
65,1972,211,-575,55114,12282,-1000,2894
70,2258,150,27,58964,8974,-1000,2577
75,2562,-140,978,62814,-5949,-1000,-3007
80,2886,-309,1188,66664,-14615,1000,-2812
85,3229,-253,743,70514,-11744,1000,-2524
90,3591,33,-45,74364,3308,1000,2911
95,3972,199,-110,78214,12385,-1000,2852
100,4373,140,488,82064,9692,-1000,2541
105,4793,-148,1429,85914,-4897,-1000,-2965
110,5232,-316,1638,89764,-13385,1000,-2775
115,5691,-259,1203,93614,-10385,1000,-2487
120,6168,27,429,97464,4333,1000,2869
125,6665,192,369,101314,12872,-1000,2810
130,7181,134,961,105164,9949,-1000,2502
135,7717,-142,1893,109014,-4462,-1000,-2872
140,8272,-242,2128,112864,-11256,1000,-2387
145,8846,-94,1789,116714,-5974,1000,-2487
150,9439,251,1105,120564,10256,1000,2797
155,10051,679,1151,124414,25538,-1000,3517
160,10683,759,1981,128264,26154,-1000,2407
165,11334,735,3167,132114,18179,-1000,-2145
170,12004,788,3776,135964,15308,1000,-2868
175,12693,1088,3724,139814,24128,1000,-1119
180,13402,1833,3577,143664,48333,1000,2572
185,14130,2234,4010,147514,60846,-322,2491
190,14877,2788,5091,151364,70769,-1000,4008
195,15644,3049,6822,155214,64128,-1000,-2379
200,16429,3246,7931,159064,61846,1000,-2939
205,17234,3974,8494,162914,74231,1000,1999
210,18059,4697,9271,166764,95205,1000,-2681
215,18902,5506,9645,170614,111744,1000,3338
220,19765,6514,10908,174464,125846,-1000,6414
225,20647,6768,13261,178314,119077,-1000,-3162
230,21548,7722,15027,182164,122513,-1000,1044
235,22468,8186,16820,186014,122026,1000,-2378
240,23408,9605,18126,189864,157487,1000,539
245,24367,10315,19504,193714,153872,1000,613
250,25345,11514,20980,197564,174051,-1000,478
255,26343,11968,22508,201414,170103,-1000,22
260,27359,13113,23987,205264,164103,-1000,-175
265,28395,14176,25335,209114,180769,1000,-1108
270,29450,15314,26412,212964,183077,1000,-144
275,30525,16239,27369,216814,200103,1000,-900
280,31619,17816,28351,220664,214308,-1000,5456
285,32731,18510,30340,224514,210615,-1000,-323
290,33864,19566,32128,228364,207359,-1000,-2666
295,35015,20163,33324,232214,206949,1000,-371
300,36186,21081,34345,236064,188744,1000,-890
305,37376,23011,35126,239914,218231,1000,-436
310,38585,23995,35761,243764,212564,1000,-316
315,39813,25316,36290,247614,231333,-647,-32
320,41061,26159,36815,251464,213462,-1000,951
325,42328,27107,37453,255314,211590,1000,-786
330,43614,28186,37923,259164,208564,1000,422
335,44920,29745,38373,263014,238872,1000,-1333
340,46244,31035,38635,266864,245897,1000,2400
345,47588,32736,39649,270714,251256,-1000,7232
350,48951,33555,41938,274564,244795,-1000,-2530
355,50334,34780,43743,278414,242821,-1000,446
360,51736,36224,45586,282264,243282,1000,399
365,53157,37930,47362,286114,269590,1000,-2126
370,54597,39251,48732,289964,273872,1000,1304
375,56056,41666,50569,293814,303231,-1000,6016
380,57535,42749,53541,297664,300744,-1000,-18
385,59033,44199,56449,301514,285051,-1000,-821
390,60550,45416,59077,305364,293103,1000,-1258
395,62086,46843,61279,309214,296846,1000,-2541
400,63642,48540,62859,313064,300615,1000,-1386
405,65217,51009,64297,316914,331410,-1000,4344
410,66811,52119,66472,320764,323026,-977,-1313
415,68425,53601,68290,324614,302744,-1000,-1605
420,70057,54836,69739,328464,304641,1000,132
425,71709,56062,71086,332314,287615,1000,-1559
430,73381,58142,72031,336164,317487,1000,-1131
435,75071,59227,72670,340014,310205,1000,-701
440,76781,61139,73340,343864,315769,-1000,4746
445,78510,63245,74880,347714,310282,-1000,-330
450,80258,64790,76291,351564,319487,1000,-1015
455,82025,66167,77444,355414,305513,1000,-227
460,83812,68324,78513,359264,336949,1000,254
465,85618,69425,79599,363114,332308,1000,246
470,87443,71285,80945,366964,338385,-1000,5653
475,89288,72184,83281,370814,331179,-1000,-1633
480,91151,73504,85263,374664,307462,1000,-318
485,93034,75645,87103,378514,299179,1000,-366
490,94936,78194,88818,382364,333795,1000,14
495,96858,79480,90477,386214,330513,1000,-124
500,98799,81435,92296,390064,337308,-1000,5154
505,100758,82383,95009,393914,331538,-1000,-1400
510,102738,83674,97363,397764,308256,1000,-1290
515,104736,85369,99402,401614,326769,1000,66
520,106754,86722,101330,405464,324000,1000,-1402
525,108791,89013,103112,409314,329359,1000,4025
530,110847,91501,105801,413164,341103,-1000,3953
535,112922,92711,109205,417014,337923,-1000,-585
540,115017,94233,112340,420864,318410,1000,-2492
545,117131,96058,114961,424714,339179,1000,934
550,119264,97388,117534,428564,337000,1000,-3446
555,121417,99669,119463,432414,361590,1000,1854
560,123588,101671,121529,436264,377205,1000,-3363
565,125779,103994,122988,440114,379282,-1000,2070
570,127990,106310,124653,443964,368179,-759,-2904
575,130219,108142,125804,447814,383359,1000,2022
580,132468,110328,127176,451664,396949,1000,-2486
585,134736,113013,128189,455514,429821,-559,3637
590,137023,114548,129835,459364,433949,-1000,-474
595,139329,116279,131284,463214,421103,-1000,-1732
600,141655,118489,132285,467064,427462,-1000,-1272
605,144000,120439,132949,470914,410692,1000,-739
610,146364,122880,133424,474764,405154,1000,53
615,148748,125630,133910,478614,437385,1000,966
620,151150,128237,134872,482464,450513,122,7190
625,153572,130840,137408,486314,452436,-1000,4471
630,156013,133315,140800,490164,474077,-1000,-189
635,158474,135364,144136,494014,471846,1000,426
640,160953,138002,147527,497864,484513,1000,867
645,163452,140459,151061,501714,496436,1000,824
650,165971,143345,154675,505564,510333,1000,-409
655,168508,146435,158361,509414,526462,-169,4774
660,171065,148572,162938,513264,512821,-1000,640
665,173641,151087,167483,517114,499590,1000,-2458
670,176236,153960,171373,520964,512923,1000,-2204
675,178850,156348,174613,524814,520846,1000,-2901
680,181484,159686,177261,528664,540462,1000,1253
685,184137,162056,179952,532514,538641,1000,-2757
690,186809,165319,182287,536364,552154,-1000,5212
695,189501,168126,185452,540214,549590,-1000,-2570
700,192211,170888,187963,544064,552667,1000,-2665
705,194941,173744,189780,547914,562154,1000,-2166
710,197690,177108,191161,551764,577256,1000,1279
715,200459,179779,192774,555614,586436,1000,946
720,203247,182477,194741,559464,577410,-1000,4621
725,206054,185402,197605,563314,588923,-1000,853
730,208880,187949,200586,567164,566051,834,-397
735,211725,191081,203375,571014,567462,1000,-1259
740,214590,194196,205832,574864,578026,1000,-510
745,217474,197392,208352,578714,590513,1000,5091
750,220377,200343,212027,582564,586769,-1000,4836
755,223299,202979,216553,586414,588795,-1000,-1325
760,226241,205592,220673,590264,577000,1000,-2225
765,229202,208372,224175,594114,576538,1000,-2208
770,232182,210873,227130,597964,565718,1000,-703
775,235182,214419,229937,601814,581769,1000,1487
780,238200,217247,233115,605664,579000,-1000,3220
785,241238,219822,236755,609514,567231,-1000,-2532
790,244296,222465,239726,613364,554128,1000,-2765
795,247372,225261,241966,617214,551154,1000,-2449
800,250468,228222,243571,621064,561128,1000,-1830
805,253583,231339,244941,624914,573308,1000,4182
810,256717,233848,247031,628764,572744,1000,-891
815,259870,238050,249380,632614,598821,-1000,10186
820,263043,240486,253631,636464,583205,1000,-683
825,266235,243304,257663,640314,581744,1000,-1672
830,269446,246276,261209,644164,591308,1000,-1819
835,272677,249399,264475,648014,603308,1000,3476
840,275926,252313,268485,651864,606154,-1000,3109
845,279195,254932,272919,655714,597308,-1000,-2995
850,282483,257599,276553,659564,593462,1000,-3462
855,285791,262453,279769,663414,608282,-1000,7765
860,289118,265659,284393,667264,626077,1000,-599
865,292463,269064,288859,671114,644821,1000,-271
870,295829,271810,293237,674964,643128,-1000,1022
875,299213,274343,297514,678814,631923,-1000,-4949
880,302617,276965,300520,682664,619128,1000,-5158
885,306040,279749,302213,686514,615821,1000,-4595
890,309482,282705,302763,690364,624462,1000,-3539
895,312943,286374,302976,694214,583641,1000,8348
900,316424,290813,304680,698064,629513,1000,-2300
905,319924,294009,306230,701914,633077,-1000,6510
910,323443,296779,308965,705764,627846,-226,-604
915,326982,300078,311625,709614,639667,1000,1357
920,330539,303282,314471,713464,655667,1000,-351
925,334116,306780,317283,717314,677513,1000,1931
930,337712,310461,320646,721164,700179,1000,5230
935,341328,313737,325196,725014,673949,1000,4806
940,344963,319088,330852,728864,715692,-1000,4610
945,348617,321740,337253,732714,697077,1000,-2207
950,352290,325047,343010,736564,703051,1000,-3224
955,355982,328628,348042,740414,710154,1000,267
960,359694,332425,352908,744264,730256,1000,-2555
965,363409,336672,357485,741047,751179,-1000,6461
970,367104,339992,363013,737197,747667,-1000,-4839
975,370781,343018,367298,733347,724590,1000,-5555
980,374438,348031,370646,729497,728923,-1000,5737
985,378076,351385,375167,725647,737538,1000,3369
990,381694,355221,380122,721797,756359,1000,-4109
995,385294,359233,384310,717947,765077,1000,2165
1000,388874,363200,388798,714097,773256,-1000,-485
1005,392434,366359,392847,710247,743615,1000,-6233
1010,395976,369926,395336,706397,744667,1000,-5827
1015,399498,373283,396371,702547,755538,1000,-4758
1020,403002,377159,396716,698697,720026,1000,7202
1025,406485,380969,398515,694847,738590,1000,2429
1030,409950,384753,401167,690997,741333,-1000,8455
1035,413395,387836,405314,687147,718846,287,-2602
1040,416822,392882,409210,683297,744564,-1000,6170
1045,420228,396267,414218,679447,742564,1000,-195
1050,423616,400244,419231,675597,759128,1000,1911
1055,426984,403596,424586,671747,764359,-1000,1146
1060,430333,406440,429860,667897,722462,1000,-5140
1065,433663,410994,433967,664047,757077,1000,-1820
1070,436974,414375,437623,660197,743513,-1000,301
1075,440265,417664,441034,656347,741487,1000,-4961
1080,443537,422838,443698,652497,738308,1000,6444
1085,446790,427209,447557,648647,776205,1000,533
1090,450024,431005,451790,644797,778205,-1000,6644
1095,453238,434093,457040,640947,767513,-1000,-4768
1100,456433,437000,461068,637097,760359,1000,-5444
1105,459609,441901,464191,633247,782256,-1000,5901
1110,462766,444368,468445,629397,744436,1000,1633
1115,465903,447767,472735,625547,750462,1000,-5447
1120,469021,451663,476123,621697,706359,1000,5118
1125,472120,456492,480193,617847,737974,1000,-4883
1130,475200,459502,483269,613997,714641,-1000,65
1135,478260,462601,486039,610147,708897,1000,-4930
1140,481301,465630,487584,606297,714000,1000,-4402
1145,484323,470047,488527,602447,701897,-1000,7528
1150,487326,473028,490914,598597,716359,1000,901
1155,490309,476633,493601,594747,727128,1000,2914
1160,493273,479871,496931,590897,694846,1000,2781
1165,496218,485202,500904,587047,728359,-1000,3242
1170,499144,487845,505332,583197,703385,1000,-2808
1175,502050,491125,509006,579347,710641,1000,-3265
1180,504937,494281,511828,575497,718231,1000,-2783
1185,507805,498053,514394,571647,689872,1000,8265
1190,510654,501704,518462,567797,720564,1000,-917
1195,513483,505130,522682,563947,721410,-1000,7792
1200,516293,507724,528115,560097,688103,1000,-5152
1205,519084,512837,532800,556247,695436,-1000,6614
1210,521856,515412,538671,552397,684308,1000,45
1215,524608,518810,544242,548547,692949,1000,-5772
1220,527341,521421,548598,544697,683692,-1000,93
1225,530055,523890,552545,540847,634487,1000,-6956
1230,532749,527737,554771,536997,657077,1000,-6351
1235,535425,530244,555637,533147,629128,-1000,-364
1240,538081,532227,556533,529297,606795,1000,4106
1245,540718,535875,558474,525447,570205,-1000,6307
1250,543335,538461,561719,521597,572128,1000,2091
1255,545934,541863,565372,517747,585590,-1000,500
1260,548513,543517,568813,513897,554564,-1000,-5625
1265,551073,545687,570834,510047,536949,1000,-5654
1270,553613,549733,571700,506197,559538,-1000,971
1275,556135,551716,572511,502347,528923,1000,-3748
1280,558637,554200,572659,498497,552051,1000,2383
1285,561120,557104,573603,494647,518718,1000,8596
1290,563583,560287,576203,490797,546256,1000,-44
1295,566028,563004,579103,486947,535410,-1000,6945
1300,568453,564345,583292,483097,516795,1000,-208
1305,570859,566455,587233,479247,514872,1000,-3949
1310,573245,570325,590630,475397,519205,-1000,6718
1315,575613,572147,595261,471547,503564,1000,229
1320,577961,575024,599661,467697,527462,1000,-5336
1325,580290,577033,602909,463847,485949,1000,-683
1330,582599,580876,605682,459997,521974,-1000,-5343
1335,584890,581913,607092,456147,472462,216,-5593
1340,587161,583344,607418,452297,472462,1000,2099
1345,589412,585087,608129,448447,464436,1000,1019
1350,591645,587370,609071,444597,420744,-1000,1276
1355,593858,589239,610348,440747,422692,1000,2683
1360,596053,592273,612204,436897,441103,-1000,2007
1365,598227,593737,614252,433047,406385,1000,-3687
1370,600383,597926,615652,429197,434692,-1000,2543
1375,602519,598804,617543,425347,416718,1000,1401
1380,604637,601317,619550,421497,458359,-665,-2722
1385,606734,601930,620877,417647,428872,-1000,-2288
1390,608813,603613,621568,413797,395564,1000,-2755
1395,610872,605441,621735,409947,404487,1000,1581
1400,612912,607945,622578,406097,396462,-1000,9302
1405,614933,609180,625217,402247,377385,1000,81
1410,616935,613208,628269,398397,382538,-1000,8809
1415,618917,614376,632711,394547,386103,1000,-6072
1420,620880,617042,636028,390697,404872,-1000,1905
1425,622824,617148,639671,386847,376179,1000,1284
1430,624749,618637,643273,382997,369256,1000,-5238
1435,626654,620851,645547,379147,390769,1000,-5345
1440,628540,622537,646692,375297,362462,-1000,148
1445,630407,624098,647950,371447,368154,1000,3640
1450,632255,627530,650159,367597,350385,-1000,6266
1455,634083,629531,653418,363747,380051,1000,-3247
1460,635892,631890,656259,359897,376538,-1000,5391
1465,637682,632207,659975,356047,375513,1000,-2211
1470,639453,633666,662910,352197,374154,1000,-6931
1475,641204,636013,664349,348347,389692,-1000,-1361
1480,642936,637138,665139,344497,355513,1000,-6422
1485,644649,639185,664919,340647,376897,1000,5208
1490,646343,641864,665919,336797,342641,1000,5953
1495,648017,644878,668202,332947,390103,1000,2794
1500,649672,646450,671023,329097,362128,-1000,167
1505,651308,647479,673733,325247,385846,1000,-2224
1510,652925,648876,675917,321397,383513,1000,-718
1515,654522,650905,677857,317547,378769,-1000,-759
1520,656100,651892,679798,313697,360872,1000,4587
1525,657659,654460,682303,309847,386667,1000,-6155
1530,659199,656311,683528,305997,346128,1000,-1018
1535,660719,660073,684245,302147,391308,-1000,-4940
1540,662220,661068,683794,298297,356308,1000,-4522
1545,663702,662972,682621,294447,397026,1000,3807
1550,665165,663911,682335,290597,383667,-1000,2778
1555,666608,665255,682437,286747,357949,-1000,-3459
1560,668032,666300,681993,282897,355897,1000,1880
1565,669437,668920,682136,279047,370615,-1000,4594
1570,670822,670185,683129,275197,334359,1000,-719
1575,672189,674274,684218,271347,361923,-1000,5532
1580,673536,675033,686261,267497,341077,1000,-1795
1585,674864,677417,687935,263647,375795,-1000,7
1590,676172,677730,689528,259797,348000,-1000,-477
1595,677462,678374,690948,255947,320949,1000,-683
1600,678732,679943,692162,252097,341590,1000,-484
1605,679983,681224,693444,248247,311487,-1000,4729
1610,681214,681827,695579,244397,280615,1000,-552
1615,682427,685535,698024,240547,279769,-1000,9796
1620,683620,686383,701945,236697,278692,1000,-8496
1625,684794,688482,704331,232847,286051,-1000,3070
1630,685948,688309,707234,228997,258487,1000,604
1635,687084,689184,710261,225147,270205,1000,1065
1640,688200,690735,713477,221297,279821,-1000,879
1645,689297,691456,716562,217447,254897,-1000,-5458
1650,690374,692304,718680,213597,256385,1000,3604
1655,691433,695378,721636,209747,236615,-1000,4892
1660,692472,697119,725415,205897,270436,1000,-2155
1665,693492,697754,728630,202047,235487,-1000,-2284
1670,694492,697182,731345,198197,217795,1000,601
1675,695474,698115,733697,194347,227769,1000,-9033
1680,696436,699081,734054,190497,213615,-1000,-3813
1685,697378,699531,734015,186647,192923,1000,8455
1690,698302,700723,735913,182797,208308,1000,7464
1695,699206,702979,739338,178947,171205,1000,1356
1700,700092,705776,743299,175097,229410,-1000,6418
1705,700957,705780,747933,171247,200513,-1000,-11568
1710,701804,705786,750450,167397,217846,1000,4150
1715,702631,706668,753302,163547,224564,-1000,-7659
1720,703440,707053,754009,159697,198026,-1000,-13540
1725,704228,707707,752606,155847,197846,1000,12615
1730,704998,709214,753055,151997,215487,855,-11450
1735,705748,710442,751089,148147,168487,1000,-6212
1740,706479,713870,747515,144297,211923,-1000,-8213
1745,707191,713522,742818,140447,186795,1000,10160
1750,707884,714231,740484,136597,219692,1000,7671
1755,708557,714569,739800,132747,204436,-1000,508
1760,709211,714625,739523,128897,181154,1000,4819
1765,709846,715510,740362,125047,193513,1000,4389
1770,710462,716440,741964,121197,188744,-1000,-1925
1775,711058,716843,742912,117347,144949,1000,-5712
1780,711635,720495,742742,113497,168795,-1000,977
1785,712193,720230,742669,109647,162872,1000,-1514
1790,712732,721264,742168,105797,189718,-1000,-3517
1795,713251,720886,740858,101947,157667,-1000,-3315
1800,713751,720816,738912,98097,148795,1000,-239
1805,714232,721444,736985,94247,154769,-1000,744
1810,714694,721152,735212,90397,122564,-1000,-941
1815,715136,720986,733378,86547,91205,1000,1488
1820,715559,723910,732407,82697,80077,-1000,11666
1825,715963,724038,733174,78847,94205,1000,-11896
1830,716348,724964,732005,74997,101769,-1000,6526
1835,716713,724189,732036,71147,74231,1000,-1001
1840,717059,724680,731868,67297,100513,1000,-1503
1845,717386,724909,731730,63447,94872,-1000,6835
1850,717694,724139,732580,59597,71769,1000,-6928
1855,717982,723876,732085,55747,67000,1000,-1111
1860,718251,725408,731915,51897,25282,-1000,12277
1865,718501,726357,733756,48047,62333,1000,-7960
1870,718732,726589,734344,44197,43385,-1000,6187
1875,718943,725820,735745,40347,34154,1000,-6861
1880,719135,726663,735818,36497,60974,-1000,537
1885,719308,726196,735949,32647,29051,-1000,459
1890,719462,725973,735876,28797,44872,1000,-5974
1895,719596,725891,734707,24947,54205,1000,846
1900,719711,726425,734010,21097,7615,1000,6654
1905,719807,728325,734506,17247,60564,-1000,-2038
1910,719883,727870,734673,13397,28897,-1000,1435
1915,719941,727652,734754,9547,44821,1000,-7084
1920,719979,728425,733816,5697,52667,-1000,7302
1925,719998,727583,734173,1847,25385,1000,-1691
1930,720000,728049,734128,0,57154,1000,-2033
1935,720000,727792,733787,0,57333,-1000,1875
1940,720000,727596,733903,0,13051,1000,1752
1945,720000,730084,734451,0,52513,-1000,2196
1950,720000,729255,735292,0,25308,1000,-2484
1955,720000,729727,735511,0,57128,1000,-2387
1960,720000,729951,735596,0,41282,-1000,7212
1965,720000,729178,736715,0,33410,1000,-7462
1970,720000,730019,736459,0,60692,-1000,1529
1975,720000,729476,736531,0,48872,-1000,1512
1980,720000,728844,736799,0,18974,1000,-1971
1985,720000,731356,737027,0,34692,-1000,7201
1990,720000,730541,738296,0,25436,1000,-7509
1995,720000,731370,738162,0,52308,-1000,1392
2000,720000,730786,738274,0,17487,-1000,797
2005,720000,730459,738227,0,30692,1000,-6768
2010,720000,731188,737211,0,37462,-1000,7090
2015,720000,730301,737464,0,21308,-1000,-1603
2020,720000,729461,737207,0,8282,1000,-5188
2025,720000,730738,736509,0,-19487,-1000,12472
2030,720000,730032,737622,0,-15128,1000,-12759
2035,720000,730550,736645,0,-13513,-1000,6842
2040,720000,729466,736831,0,-43308,1000,-2080
2045,720000,729695,736588,0,-15333,1000,-1607
2050,720000,729807,736356,0,-33128,-1000,6944
2055,720000,728984,737131,0,-38974,1000,-6989
2060,720000,728624,736553,0,-17718,1000,-1178
2065,720000,728510,736037,0,-64692,-1000,6617
2070,720000,728613,736473,0,-30744,1000,-6904
2075,720000,728427,735916,0,-51462,-1000,6442
2080,720000,727354,736214,0,-60051,1000,-7493
2085,720000,727799,735171,0,-37667,-1000,1274
2090,720000,727139,734440,0,-71974,-1000,1462
2095,720000,726825,733750,0,-57359,1000,-6529
2100,720000,726707,731929,0,-36231,-1000,2196
2105,720000,725761,730658,0,-83359,1000,2440
2110,720000,726686,729839,0,-36513,-1000,-1937
2115,720000,725749,728820,0,-71231,-1000,2728
2120,720000,725265,728034,0,-53128,1000,-7400
2125,720000,725333,726151,0,-54436,-1000,6505
2130,720000,724134,725458,0,-86615,1000,-1976
2135,720000,724425,724360,0,-57333,1000,-2230
2140,720000,724089,723001,0,-56462,-1000,3205
2145,720000,722678,722204,0,-89590,1000,-2199
2150,720000,724038,721183,0,-57282,-1000,3223
2155,720000,722650,720712,0,-88077,1000,-2490
2160,720000,722845,719697,0,-53667,-469,-2547
2165,720000,721905,718425,0,-83359,-1000,4769
2170,720000,721226,717842,0,-80872,1000,-6124
2175,720000,721788,716288,0,-56872,-1000,3499
2180,720000,721112,715588,0,-70410,-1000,3528
2185,720000,719661,715267,0,-82949,1000,-8186
2190,720000,721020,713803,0,-71615,-1000,9046
2195,720000,719614,713715,0,-83538,1000,-8521
2200,720000,720142,712226,0,-56795,-1000,4020
2205,720000,718338,711382,0,-96590,1000,-3010
2210,720000,718320,709864,0,-74846,1000,-3388
2215,720000,718304,708174,0,-80923,-1000,10270
2220,720000,717417,708081,0,-94154,1000,-9697
2225,720000,717073,705998,0,-66308,1000,-4144
2230,720000,717806,703759,0,-82154,-1000,14769
2235,720000,716815,703657,0,-71872,1000,-16441
2240,720000,717187,700997,0,-67256,-1000,12163
2245,720000,715292,700170,0,-82385,1000,-11193
2250,720000,715569,697617,0,-58744,-1000,7690
2255,720000,714823,696921,0,-92385,-1000,8085
2260,720000,714465,697247,0,-77538,1000,-13086
2265,720000,714428,695474,0,-60692,-926,8574
2270,720000,713682,695721,0,-111436,901,8258
2275,720000,714645,697206,0,-49026,470,-8900
2280,720000,714721,697455,0,-59744,-1000,11068
2285,720000,713340,698955,0,-48487,1000,-18361
2290,720000,713514,697483,0,-43333,-1000,11938
2295,720000,712376,697924,0,-72000,1000,-6449
2300,720000,712698,696909,0,-40923,1000,-6593
2305,720000,712856,695186,0,-30667,-1000,12881
2310,720000,712053,695368,0,-52949,1000,-12495
2315,720000,713671,693802,0,-15872,-1000,13051
2320,720000,713181,694333,0,-42538,1000,-8050
2325,720000,713816,693028,0,20103,506,-8227
2330,720000,713762,690715,0,10487,-1000,13528
2335,720000,712797,690418,0,4282,1000,-14172
2340,720000,713551,687934,0,32487,-1000,10343
2345,720000,713050,687929,0,1256,-1000,10749
2350,720000,712814,689338,0,17410,1000,-16147
2355,720000,714059,688599,0,9795,-1000,20629
2360,720000,713817,691042,0,7667,1000,-16239
2365,720000,714919,690817,0,38385,-1000,9498
2370,720000,714577,692747,0,18282,-1000,9344
2375,720000,714407,695808,0,39692,1000,-15770
2380,720000,715201,696355,0,50051,-1000,12863
2385,720000,714368,698900,0,23718,1000,-8489
2390,720000,714837,699454,0,55821,1000,-7790
2395,720000,715136,699000,0,20154,-1000,12143
2400,720000,715525,700266,0,39897,1000,-12943
2405,720000,716603,699650,0,49821,-1000,12358
2410,720000,715906,701017,0,23513,1000,-7326
2415,720000,716435,700660,0,55769,1000,-7141
2420,720000,716683,699462,0,40103,-1000,12658
2425,720000,715921,700112,0,32333,1000,-12564
2430,720000,716767,698747,0,59667,-1000,7527
2435,720000,716301,699169,0,15615,1000,7683
2440,720000,717469,700729,0,51718,1000,-8448
2445,720000,718043,701190,0,38128,-1000,12318
2450,720000,717439,703379,0,31385,1000,-13188
2455,720000,718357,703293,0,59282,-1000,6315
2460,720000,717921,704604,0,27744,-1000,6172
2465,720000,717711,706566,0,43718,1000,-12273
2470,720000,718488,706592,0,51615,-1000,10504
2475,720000,717648,708315,0,22385,1000,-5668
2480,720000,719295,709156,0,54641,-1000,4686
2485,720000,719232,711024,0,25410,-1000,4174
2490,720000,719206,713210,0,42615,1000,-10643
2495,720000,720070,713667,0,51205,-1000,8520
2500,720000,719264,715515,0,24179,1000,-3805
2505,720000,719744,716457,0,56026,1000,-3646
2510,720000,719973,716977,0,40205,-1000,7988
2515,720000,719202,718607,0,32359,1000,-8734
2520,720000,720899,718881,0,45949,-1000,7812
2525,720000,720520,720448,0,21513,1000,-3231
2530,720000,721212,721236,0,54718,1000,-3267
2535,720000,721542,721672,0,39667,-1000,7778
2540,720000,720814,723194,0,32154,1000,-8438
2545,720000,721673,723167,0,59590,-1000,2273
2550,720000,721214,723607,0,27897,-1000,2407
2555,720000,720993,724132,0,43769,1000,-8071
2560,720000,722245,723712,0,33641,-1000,13186
2565,720000,722005,725425,0,29077,1000,-8242
2570,720000,723109,725653,0,58077,-1000,2097
2575,720000,722768,726303,0,27179,-1000,2229
2580,720000,722599,727001,0,43513,1000,-8066
2585,720000,723392,726505,0,51513,-1000,7706
2590,720000,722559,727330,0,24308,1000,-2448
2595,720000,723028,727569,0,56077,1000,-2575
2600,720000,723328,727653,0,20282,-1000,7576
2605,720000,723717,728815,0,39974,1000,-8043
2610,720000,724795,728788,0,49872,-1000,7462
2615,720000,724097,730040,0,23513,1000,-2588
2620,720000,724627,730668,0,55769,1000,-2628
2625,720000,724875,731042,0,40103,-1000,6993
2630,720000,724113,732398,0,32333,1000,-7392
2635,720000,724958,732357,0,59641,-1000,1166
2640,720000,724493,732525,0,15641,1000,1107
2645,720000,725661,732813,0,51718,1000,-1767
2650,720000,726235,733048,0,38128,-1000,6781
2655,720000,725631,734258,0,31385,1000,-7148
2660,720000,726548,734120,0,59256,-1000,1116
2665,720000,726113,734216,0,27744,-1000,1082
2670,720000,725903,734218,0,43718,1000,-6590
2675,720000,726680,733277,0,51615,-1000,6881
2680,720000,725839,733576,0,22385,1000,-1242
2685,720000,727487,733736,0,54667,-1000,1764
2690,720000,727424,734270,0,25410,-1000,1512
2695,720000,727397,734745,0,42590,1000,-7303
2700,720000,728262,734144,0,51205,-1000,7078
2705,720000,727456,734783,0,24179,1000,-1659
2710,720000,727936,735018,0,56026,1000,-1893
2715,720000,728164,735190,0,40179,-1000,6721
2720,720000,727394,736330,0,32385,1000,-6989
2725,720000,729090,736400,0,45923,-1000,6471
2730,720000,728559,737556,0,17590,1000,-2465
2735,720000,729029,738159,0,45128,1000,-1479
2740,720000,729253,738681,0,27333,-1000,5834
2745,720000,728480,740017,0,18692,1000,-6234
2750,720000,729321,740121,0,45641,-1000,-43
2755,720000,728854,740151,0,13744,-1000,-119
2760,720000,728631,739911,0,29564,1000,-5361
2765,720000,729881,739145,0,19385,-1000,11197
2770,720000,729162,740001,0,7949,1000,-11411
2775,720000,729673,738975,0,26667,-1000,5728
2780,720000,728708,739033,0,-17897,26,-156
2785,720000,728451,738943,0,-2897,1000,-2996
2790,720000,728845,738480,0,-4718,-1000,4271
2795,720000,727815,738804,0,-36821,1000,-183
2800,720000,728192,739064,0,-7333,1000,-479
2805,720000,728456,739434,0,-44026,-1000,5293
2810,720000,728753,740531,0,-4795,1000,-6055
2815,720000,728666,740648,0,-22821,-1000,4777
2820,720000,727743,741401,0,-30897,1000,-5030
2825,720000,728518,741147,0,8000,-1000,-635
2830,720000,727950,740728,0,-19538,-1000,-622
2835,720000,726556,740034,0,-39154,1000,-4154
2840,720000,727091,738560,0,-17795,-1000,-60
2845,720000,726477,737107,0,-64872,1000,256
2850,720000,727573,735748,0,-18000,-1000,-90
2855,720000,726723,734479,0,-52718,-1000,1301
2860,720000,726312,733237,0,-38410,1000,-6090
2865,720000,726998,731210,0,-31308,-1000,7870
2870,720000,726121,730664,0,-46718,-1000,-1686
2875,720000,725184,729551,0,-35333,1000,-7268
2880,720000,725601,727428,0,-29718,-1000,8450
2885,720000,724586,726883,0,-60154,1000,-1898
2890,720000,726151,726189,0,-26410,-1000,2877
2895,720000,724868,725979,0,-56487,1000,-2394
2900,720000,725116,725245,0,-26128,1000,-2425
2905,720000,725237,724438,0,-42744,-1000,8342
2910,720000,724420,724866,0,-49051,1000,-7990
2915,720000,724067,723700,0,-22333,1000,-2458
2920,720000,723881,722431,0,-40769,-1000,8570
2925,720000,722906,722470,0,-50026,1000,-7850
2930,720000,724508,721423,0,-37051,-1000,8417
2935,720000,723228,721594,0,-48077,1000,-8026
2940,720000,723819,720415,0,-22385,-1000,3112
2945,720000,723235,719985,0,-54923,-1000,3219
2950,720000,722959,719820,0,-39538,1000,-8188
2955,720000,722861,718248,0,-18026,-1000,3359
2960,720000,721925,717486,0,-52692,-1000,3454
2965,720000,721468,717095,0,-38410,1000,-8166
2970,720000,722610,715803,0,-49256,-1000,14183
2975,720000,721836,716576,0,-36205,1000,-14279
2980,720000,722319,715067,0,-30179,-1000,8875
2985,720000,721339,715108,0,-58410,1000,-3237
2990,720000,721743,714441,0,-27103,1000,-3649
2995,720000,721464,713269,0,-25205,-1000,4238
3000,720000,720082,712796,0,-55846,1000,-3402
3005,720000,720279,711555,0,-25795,1000,-3715
3010,720000,720451,710074,0,-62487,-1000,10296
3015,720000,720700,710115,0,-23256,1000,-10339
3020,720000,720589,708698,0,-41282,-1000,10626
3025,720000,719653,708817,0,-50282,1000,-10401
3030,720000,720422,707256,0,-23513,-1000,5858
3035,720000,719852,707099,0,-35590,-1000,6099
3040,720000,718457,707652,0,-47359,1000,-10943
3045,720000,718990,706380,0,-22000,-1000,5623
3050,720000,718376,706444,0,-67026,1000,5751
3055,720000,719471,707355,0,-19103,-1000,-6308
3060,720000,718622,707303,0,-53256,-1000,5094
3065,720000,718210,707704,0,-38692,1000,-10814
3070,720000,718896,706535,0,-31436,-1000,10834
3075,720000,718019,707160,0,-46795,-1000,-5315
3080,720000,717082,706365,0,-35385,1000,-10349
3085,720000,717499,704053,0,-29744,-1000,11362
3090,720000,716485,703721,0,-60154,1000,-5224
3095,720000,718049,702780,0,-26436,-1000,6730
3100,720000,716766,702839,0,-56487,1000,-6156
3105,720000,717014,701475,0,-26128,1000,-6208
3110,720000,717135,699483,0,-42744,-1000,12926
3115,720000,716318,699466,0,-49077,1000,-12397
3120,720000,715966,696821,0,-22308,1000,-6749
3125,720000,715779,693496,0,-40795,-1000,14733
3130,720000,714804,692473,0,-50051,1000,-13516
3135,720000,716407,689664,0,-37026,-1000,16077
3140,720000,715126,689291,0,-48077,1000,-15293
3145,720000,715717,686585,0,-22385,-1000,11611
3150,720000,715133,686658,0,-54949,-1000,12019
3155,720000,714857,688344,0,-39538,1000,-17437
3160,720000,714802,687208,0,-16923,-1000,11131
3165,720000,713931,688605,0,-49949,-1000,10760
3170,720000,713508,691380,0,-34769,1000,-16784
3175,720000,714668,691756,0,-45154,-1000,19588
3180,720000,713903,694880,0,-31872,1000,-21019
3185,720000,714390,694552,0,-25744,-1000,13113
3190,720000,713412,696263,0,-53923,1000,-8418
3195,720000,713817,695998,0,-22590,1000,-8010
3200,720000,713771,694623,0,-16256,-1000,10639
3205,720000,713087,694918,0,-30462,1000,-7713
3210,720000,713624,693443,0,7538,1000,-7858
3215,720000,713952,691092,0,-25513,-1000,14763
3220,720000,714277,690972,0,15462,1000,-14680
3225,720000,714206,688797,0,-1641,-1000,15461
3230,720000,713290,688875,0,-10205,1000,-15141
3235,720000,714069,686603,0,16821,-1000,10961
3240,720000,713580,686947,0,-3769,-1000,11294
3245,720000,713701,688953,0,7744,1000,-13006
3250,720000,714676,688902,0,36949,-1000,10227
3255,720000,714269,691188,0,-6205,1000,9801
3260,720000,715462,694887,0,42513,-1000,-11516
3265,720000,714663,696647,0,8769,-1000,7179
3270,720000,714277,699053,0,23564,1000,-14098
3275,720000,714976,699219,0,30923,-1000,11837
3280,720000,714105,701257,0,3359,1000,-7160
3285,720000,714632,701615,0,20795,1000,-6690
3290,720000,715869,701151,0,37667,-1000,11291
3295,720000,715251,702534,0,12872,1000,-6583
3300,720000,717007,702929,0,49308,-1000,6122
3305,720000,715822,704160,0,20641,1000,-6303
3310,720000,716120,703885,0,51718,1000,-5888
3315,720000,716268,702957,0,35487,-1000,11259
3320,720000,715462,703671,0,27359,1000,-11204
3325,720000,716296,702557,0,43436,1000,5995
3330,720000,717218,703123,0,35282,-1000,11832
3335,720000,716792,705455,0,31308,1000,-12321
3340,720000,718658,705876,0,46769,-1000,10733
3345,720000,717512,707767,0,36974,1000,-11460
3350,720000,718173,707643,0,63333,-1000,4743
3355,720000,717625,708551,0,31128,-1000,4603
3360,720000,717366,709878,0,46718,1000,-10480
3365,720000,718128,709620,0,52513,-1000,9355
3370,720000,718464,711277,0,25692,-1000,3977
3375,720000,718641,713264,0,44128,1000,-10250
3380,720000,720089,713833,0,35231,-1000,13725
3385,720000,719470,716314,0,49231,1000,-14918
3390,720000,720032,716257,0,55718,-1000,7853
3395,720000,719092,717467,0,27718,1000,-3173
3400,720000,719516,717917,0,59154,1000,-3219
3405,720000,719725,718090,0,43103,-1000,8017
3410,720000,719802,719646,0,21462,1000,-3220
3415,720000,720727,720428,0,56077,1000,-3286
3420,720000,721253,720856,0,21718,-1000,7814
3425,720000,721679,722369,0,62000,1000,-8588
3430,720000,721658,722546,0,44538,-1000,7610
3435,720000,720769,723752,0,35795,1000,-8228
3440,720000,721562,723501,0,62769,-1000,2325
3445,720000,721078,723760,0,30795,-1000,2451
3450,720000,721329,724369,0,28615,1000,-2685
3455,720000,722699,724537,0,59205,-1000,2389
3460,720000,722495,725224,0,16872,1000,2290
3465,720000,723792,726203,0,66000,-1000,-2955
3470,720000,723046,726669,0,32462,-1000,2099
3475,720000,722687,727132,0,47333,1000,-7944
3480,720000,723401,726430,0,54795,-1000,7794
3485,720000,722536,727074,0,27256,1000,-2368
3490,720000,723073,727151,0,39051,1000,-2518
3495,720000,724455,727102,0,50769,-1000,7785
3500,720000,723913,728408,0,23385,1000,-2720
3505,720000,725708,729275,0,58487,-1000,1980
3510,720000,724543,730348,0,29128,1000,-2720
3515,720000,724852,730743,0,59872,1000,-2509
3520,720000,725005,730959,0,43462,-1000,7089
3525,720000,724202,732195,0,35282,1000,-7398
3530,720000,725037,732046,0,50256,978,1319
3535,720000,725942,732430,0,38308,-1000,6926
3540,720000,725506,733825,0,32385,1000,-7396
3545,720000,727367,734069,0,46846,-1000,6654
3550,720000,726218,735217,0,36513,1000,-6995
3555,720000,726877,735043,0,62590,-1000,922
3560,720000,726328,735059,0,30231,-1000,857
3565,720000,726069,734948,0,45769,1000,-6303
3570,720000,726831,733939,0,51564,-1000,6712
3575,720000,726839,734233,0,16795,-1000,41
3580,720000,726703,734246,0,27436,1000,-6917
3585,720000,727991,733500,0,14564,-1000,12504
3590,720000,727290,734557,0,26538,1000,-12830
3595,720000,727810,733517,0,31974,-1000,6987
3600,720000,726849,733726,0,3436,1000,-1487
3605,720000,727262,733599,0,34615,1000,-1868
3610,720000,727467,733438,0,18462,-1000,7134
3615,720000,726688,734307,0,-14667,1000,-7233
3620,720000,727327,733854,0,19641,-1000,626
3625,720000,726679,733582,0,-41256,-829,1541
3630,720000,726410,733348,0,-16949,1000,-6449
3635,720000,726054,732195,0,-42077,-1000,7014
3640,720000,724992,732113,0,-54744,1000,-6662
3645,720000,725696,730892,0,-29821,-1000,2103
3650,720000,725170,730189,0,-62769,-1000,2317
3655,720000,724922,729662,0,-47410,1000,-7387
3660,720000,725683,728110,0,-33436,-1000,8181
3665,720000,724836,728069,0,-57000,1000,-2100
3670,720000,725299,727597,0,-14462,-1000,-2373
3675,720000,724130,726804,0,-51308,-1000,2664
3680,720000,723554,726221,0,-38128,1000,-7518
3685,720000,724156,724598,0,-31590,-1000,8367
3690,720000,723236,724515,0,-59590,1000,-2233
3695,720000,723670,723971,0,-28103,1000,-2505
3700,720000,723878,723333,0,-44103,-1000,8256
3705,720000,723099,723909,0,-52000,1000,-8044
3710,720000,723937,723112,0,-22795,-1000,2756
3715,720000,722288,722738,0,-55051,1000,-2369
3720,720000,722349,721847,0,-25795,1000,-2395
3725,720000,722374,720895,0,-42974,-1000,8453
3730,720000,721507,721202,0,-51590,1000,-7984
3735,720000,722312,720161,0,-24538,-1000,2956
3740,720000,721829,719831,0,-56410,-1000,3072
3745,720000,721599,719734,0,-40590,1000,-8123
3750,720000,722367,718478,0,-32769,-1000,8559
3755,720000,720669,718487,0,-46308,1000,-7987
3760,720000,721046,717150,0,-21897,-1000,3217
3765,720000,720352,716587,0,-55103,-1000,3315
3770,720000,720020,716350,0,-40051,1000,-8191
3775,720000,720746,714946,0,-32564,-1000,8770
3780,720000,719885,715119,0,-59974,1000,-2846
3785,720000,720342,714669,0,-28282,1000,-3214
3790,720000,720561,714009,0,-44154,-1000,8868
3795,720000,719307,714406,0,-34026,1000,-14071
3800,720000,719545,712530,0,-29487,-1000,8843
3805,720000,718439,712215,0,-58487,1000,-2951
3810,720000,718778,711259,0,-27564,1000,-3484
3815,720000,718946,710084,0,-43872,-1000,9748
3820,720000,718150,710352,0,-51923,1000,-9438
3825,720000,718981,709074,0,-24718,-1000,4679
3830,720000,718510,708917,0,-56487,-1000,4872
3835,720000,718209,709255,0,-20667,1000,-10222
3840,720000,717818,708093,0,-40359,-1000,9834
3845,720000,716738,708337,0,-50256,1000,-9651
3850,720000,717434,707003,0,-23897,-1000,4873
3855,720000,716903,706835,0,-56128,-1000,5056
3860,720000,716653,707192,0,-40462,1000,-10389
3865,720000,717412,706046,0,-32718,-1000,10481
3870,720000,716565,706643,0,-60051,1000,-4964
3875,720000,717028,706120,0,-16026,-1000,-5145
3880,720000,715859,704817,0,-52103,-1000,5159
3885,720000,715283,704081,0,-38513,1000,-10154
3890,720000,715885,701949,0,-31769,-1000,11524
3895,720000,714965,701816,0,-59667,1000,-5516
3900,720000,715399,700444,0,-28128,1000,-5952
3905,720000,715607,698491,0,-44103,-1000,12734
3910,720000,714828,698483,0,-52000,1000,-12223
3915,720000,715667,696542,0,-22769,-1000,7994
3920,720000,714018,695823,0,-55026,1000,-7055
3925,720000,714078,693485,0,-25795,1000,-7302
3930,720000,714103,690412,0,-43000,-1000,15192
3935,720000,713237,689694,0,-51590,1000,-14185
3940,720000,714041,686829,0,-24538,-1000,10956
3945,720000,713558,686599,0,-56410,-1000,11464
3950,720000,713328,687903,0,-40590,1000,-16746
3955,720000,714097,686742,0,-32744,-1000,16076
3960,720000,712399,687880,0,-46308,1000,-16062
3965,720000,712776,686465,0,-21872,-1000,10449
3970,720000,712081,687460,0,-55128,-1000,10497
3975,720000,711749,689812,0,-40051,1000,-16374
3980,720000,712476,689666,0,-32538,-1000,14346
3985,720000,711615,691770,0,-59949,1000,-9672
3990,720000,712072,691608,0,-28256,1000,-9107
3995,720000,712290,690278,0,-44154,-1000,14345
4000,720000,711037,690801,0,-34000,1000,-19563
4005,720000,711373,688314,0,-26949,-1000,15622
4010,720000,710552,688423,0,-48641,1000,-8830
4015,720000,711026,686523,0,-14282,1000,-9135
4020,720000,711251,683575,0,-29128,-1000,16555
4025,720000,710480,683165,0,-36513,1000,-15756
4030,720000,711321,680364,0,-9051,-1000,12256
4035,720000,710854,680497,0,-40718,-1000,12720
4040,720000,710555,682350,0,-4846,1000,-18191
4045,720000,710241,681474,0,-27000,-1000,16426
4050,720000,710351,682911,0,-12692,1000,-17001
4055,720000,711370,681899,0,18974,-1000,16812
4060,720000,711040,683592,0,-9359,793,-10166
4065,720000,711788,682798,0,31410,1000,-12267
4070,720000,712316,680411,0,33000,-1000,18555
4075,720000,711787,680805,0,13744,1000,-17035
4080,720000,712838,678610,0,72795,-1000,13337
4085,720000,712470,679586,0,44974,1000,13607
4090,720000,713684,682615,0,87744,1000,-14652
4095,720000,714281,683567,0,76051,-1000,17096
4100,720000,713689,686894,0,57795,1000,-18586
4105,720000,714613,687102,0,80641,-1000,10627
4110,720000,714180,689702,0,42872,-1000,10301
4115,720000,713971,693563,0,52436,1000,-17049
4120,720000,714749,694672,0,55821,-1000,13213
4125,720000,713909,697803,0,24462,1000,-9189
4130,720000,715556,699454,0,55692,-1000,6656
4135,720000,715494,702564,0,25949,-1000,5865
4140,720000,715467,706219,0,42872,1000,-12969
4145,720000,716331,707713,0,51308,-1000,9148
4150,720000,715525,710639,0,24205,1000,-5079
4155,720000,716006,712373,0,56051,1000,-4332
4160,720000,716234,713521,0,40205,-1000,7705
4165,720000,715464,715702,0,32385,1000,-8970
4170,720000,717160,716460,0,45923,-1000,7515
4175,720000,716781,718442,0,21487,1000,-3323
4180,720000,717473,719620,0,54718,1000,-3307
4185,720000,717804,720418,0,39667,-1000,7437
4190,720000,717075,722234,0,32154,1000,-8381
4195,720000,717934,722491,0,59564,-1000,1920
4200,720000,717475,723123,0,27872,-1000,1969
4205,720000,717255,723764,0,43769,1000,-7739
4210,720000,718507,723496,0,33641,-1000,12622
4215,720000,718267,725265,0,29103,1000,-7954
4220,720000,719371,725575,0,58103,-1000,1537
4225,720000,719030,726163,0,27179,-1000,1408
4230,720000,718860,726675,0,43487,1000,-7175
4235,720000,719654,726125,0,51538,-1000,6868
4240,720000,718821,726784,0,24308,1000,-1454
4245,720000,719290,727087,0,56103,1000,-1681
4250,720000,719589,727321,0,20282,-1000,6438
4255,720000,719978,728459,0,39974,1000,-7220
4260,720000,721056,728482,0,49846,-1000,6456
4265,720000,720359,729638,0,23513,1000,-1388
4270,720000,720888,730454,0,55769,1000,-1448
4275,720000,721136,731188,0,40103,-1000,5588
4280,720000,720374,732694,0,32333,1000,-6095
4285,720000,721220,732975,0,59667,-1000,-404
4290,720000,720754,733082,0,15615,1000,-515
4295,720000,721922,733063,0,51718,1000,-126
4300,720000,722496,733265,0,38128,-1000,5400
4305,720000,721892,734248,0,31385,1000,-5652
4310,720000,722810,734112,0,59282,-1000,-188
4315,720000,722374,733921,0,27744,-1000,-204
4320,720000,722164,733490,0,43718,1000,-5194
4325,720000,722941,732345,0,51615,-1000,5927
4330,720000,722101,732367,0,22385,1000,-135
4335,720000,723748,732426,0,54641,-1000,924
4340,720000,723686,732679,0,25436,-1000,721
4345,720000,723659,732756,0,42615,1000,-6370
4350,720000,724523,731918,0,51205,-1000,6585
4355,720000,723717,732267,0,24154,1000,-996
4360,720000,724198,732373,0,56026,1000,-1361
4365,720000,724426,732513,0,40205,-1000,6353
4370,720000,723655,733569,0,32359,1000,-6576
4375,720000,725352,733621,0,45923,-1000,6138
4380,720000,724973,734757,0,21513,1000,-1180
4385,720000,725665,735597,0,54718,1000,-1319
4390,720000,725995,736375,0,39667,-1000,5464
4395,720000,725267,737905,0,32154,1000,-6002
4400,720000,726126,738223,0,59590,-1000,-528
4405,720000,725667,738334,0,27872,-1000,-643
4410,720000,725447,738105,0,43795,1000,-4886
4415,720000,726698,737418,0,33641,-1000,10677
4420,720000,726459,738514,0,29103,1000,-5630
4425,720000,727562,738527,0,58077,-1000,-87
4430,720000,727221,738498,0,27179,-1000,-118
4435,720000,727052,738209,0,43513,1000,-5363
4440,720000,727846,737161,0,51538,-1000,5945
4445,720000,727012,737274,0,24308,1000,-210
4450,720000,727482,737332,0,56103,1000,-683
4455,720000,727781,737524,0,20282,-1000,5746
4460,720000,728161,738527,0,39744,1000,-6452
4465,720000,729037,738502,0,44462,-1000,5102
4470,720000,728235,739391,0,15410,1000,-541
4475,720000,728718,740135,0,46487,1000,-684
4480,720000,728947,740921,0,30333,-1000,4910
4485,720000,728177,742382,0,22359,1000,-5397
4490,720000,729019,742720,0,49590,-1000,-1092
4495,720000,728552,742726,0,5513,1000,-1207
4500,720000,729719,742537,0,43077,-775,595
4505,720000,729053,742472,0,2308,-1000,-245
4510,720000,728339,742117,0,-4923,1000,-5799
4515,720000,728865,740876,0,13897,-1000,4974
4520,720000,727907,740661,0,-30615,238,926
4525,720000,727784,740609,0,-12205,1000,-1560
4530,720000,727716,740349,0,-25923,-1000,1595
4535,720000,726513,740454,0,-64410,1000,956
4540,720000,727981,740716,0,-35000,-1000,-521
4545,720000,726648,740891,0,-68744,1000,926
4550,720000,726871,741244,0,-32051,1000,759
4555,720000,726979,741892,0,-45410,-1000,3911
4560,720000,726155,743081,0,-51308,1000,-4223
4565,720000,726981,743333,0,-11308,-1000,-2005
4570,720000,726431,743088,0,-28410,-1000,-2103
4575,720000,725042,742319,0,-44026,1000,-2761
4580,720000,726432,741217,0,-34308,-1000,4018
4585,720000,725042,740779,0,-47051,1000,-3360
4590,720000,725578,739699,0,-22179,-1000,-1034
4595,720000,724965,738402,0,-55205,-1000,-822
4600,720000,724675,736806,0,-40000,1000,-3974
4605,720000,725422,734749,0,-32436,-1000,6083
4610,720000,724571,733923,0,-47513,-1000,231
4615,720000,723641,732975,0,-36077,1000,-5520
4620,720000,724540,731535,0,-48359,-1000,12098
4625,720000,723641,731877,0,-36077,1000,-11916
4630,720000,724060,730300,0,-30436,-1000,6880
4635,720000,723047,729997,0,-58897,1000,-1052
4640,720000,723434,729494,0,-27692,1000,-1650
4645,720000,723626,729032,0,-43846,-1000,7376
4650,720000,722841,729648,0,-49846,1000,-7313
4655,720000,722496,728834,0,-23051,1000,-1576
4660,720000,722390,728035,0,-61410,-1000,7314
4665,720000,722497,728298,0,-23026,1000,-7488
4670,720000,722313,727499,0,-41487,-1000,7281
4675,720000,721340,727732,0,-50718,1000,-7165
4680,720000,722089,726739,0,-24077,-1000,2258
4685,720000,721586,726296,0,-56128,-1000,2412
4690,720000,721349,726026,0,-40385,1000,-7523
4695,720000,721261,724444,0,-18795,-1000,2750
4700,720000,720330,723531,0,-65718,1000,2860
4705,720000,721262,723137,0,-18769,-1000,-2252
4710,720000,720330,722478,0,-53410,-1000,2659
4715,720000,719875,722022,0,-39103,1000,-7629
4720,720000,720539,720503,0,-32000,-1000,8363
4725,720000,719651,720518,0,-59692,1000,-2319
4730,720000,720101,720051,0,-28026,1000,-2578
4735,720000,719837,719234,0,-25949,-1000,2950
4740,720000,718460,718913,0,-58538,1000,-2386
4745,720000,719838,718314,0,-25949,-1000,2950
4750,720000,718460,718197,0,-56564,1000,-2553
4755,720000,718659,717514,0,-26487,1000,-2563
4760,720000,718755,716733,0,-43256,-1000,8426
4765,720000,717925,717198,0,-51641,1000,-8103
4770,720000,718748,716290,0,-24462,-1000,2928
4775,720000,718196,716082,0,-36359,-1000,3042
4780,720000,716807,716096,0,-48103,1000,-8074
4785,720000,718197,714960,0,-36359,-1000,8456
4790,720000,716807,715058,0,-48077,1000,-7998
4795,720000,717343,713808,0,-22692,-1000,3150
4800,720000,716730,713316,0,-55436,-1000,3257
4805,720000,716439,713104,0,-40128,1000,-8178
4810,720000,717187,711725,0,-32487,-1000,8731
4815,720000,716335,711914,0,-47564,-1000,-2826
4820,720000,715405,711255,0,-36103,1000,-8251
4825,720000,716304,709642,0,-48385,-1000,14291
4830,720000,715406,710128,0,-36077,1000,-14054
4835,720000,715825,708384,0,-30436,-1000,8977
4840,720000,714812,708215,0,-58872,1000,-3196
4845,720000,715198,707348,0,-27692,1000,-3686
4850,720000,715390,706223,0,-43846,-1000,9845
4855,720000,714606,706552,0,-49821,1000,-9578
4860,720000,714334,704936,0,-21179,1000,-3581
4865,720000,714298,703085,0,-57744,-1000,10649
4870,720000,714441,702878,0,-18436,1000,-10490
4875,720000,714276,701219,0,-36410,-1000,11071
4880,720000,713312,701212,0,-45385,1000,-10747
4885,720000,714066,699477,0,-18615,-1000,6381
4890,720000,713565,699274,0,-50641,-1000,6659
4895,720000,713330,699848,0,-34821,1000,-11972
4900,720000,713707,698570,0,-3667,-1000,9416
4905,720000,713462,699350,0,-34564,1000,6615
4910,720000,714738,701119,0,20385,-1000,-7513
4915,720000,713982,701650,0,-10154,-1000,5363
4920,720000,713618,702628,0,6256,1000,-11452
4925,720000,714328,701906,0,14436,-1000,10792
4930,720000,713462,702951,0,-12718,1000,-5532
4935,720000,713922,702691,0,19154,1000,-5493
4940,720000,714141,701844,0,17128,-1000,10893
4945,720000,714126,702789,0,4179,1000,-6307
4950,720000,716097,702804,0,44256,-1000,5866
4955,720000,715022,703643,0,17462,1000,-5883
4960,720000,715377,703118,0,49487,1000,-5677
4965,720000,715553,701977,0,33744,-1000,11380
4970,720000,714761,702505,0,25872,1000,-11218
4975,720000,715593,701216,0,53051,-1000,6242
4980,720000,715123,701413,0,21256,-1000,6404
4985,720000,715377,702573,0,22462,1000,-6661
4990,720000,717606,702949,0,42410,-1000,11620
4995,720000,716646,704974,0,34897,1000,-12228
TRACE END
