TRACE BEGIN axis=1 rows=800 kp=0.00022 ki=8e-07 kv=2.5e-06 kd=0 kff=0 ff=1 pwm=25000 target=720 duration=4 vmax=800 accel=1600 vscale=1 ascale=0.7 vsrc=1 vwin=40 valpha=0.05
t_ms,ref_mdeg,enc_mdeg,hat_mdeg,vref_mdegs,what_mdegs,duty_milli,cur_01ma
0,0,0,0,0,0,131,0
5,130,130,29,17065,3333,173,1463
10,472,472,152,32516,12103,190,2070
15,998,998,385,47281,25590,206,2249
20,1674,1674,729,61235,42923,222,2339
25,2478,2478,1189,74503,63538,237,2410
30,3393,3393,1766,87180,87000,251,2463
35,4407,4407,2465,99356,113000,264,2502
40,5155,5507,3288,107461,141103,196,2461
45,5707,6474,4192,113061,161359,-10,451
50,6286,6995,5052,118661,164923,14,-1560
55,6893,7246,5801,124261,157026,215,-460
60,7529,7639,6524,129861,149051,274,1818
65,8192,8367,7332,135461,146513,266,2546
70,8883,9304,8257,141061,146564,204,2178
75,9602,10266,9269,146661,144744,176,1324
80,10350,11157,10323,152261,139205,178,912
85,11125,11998,11400,157861,138077,187,929
90,11928,12826,12497,163461,147949,177,935
95,12760,13630,13613,169061,162385,167,745
100,13619,14401,14737,174661,170282,187,644
105,14506,15186,15870,180261,170333,230,933
110,15422,16065,17034,185861,168308,263,1414
115,16365,17078,18254,191461,169949,264,1677
120,17336,18183,19540,197061,175795,240,1515
125,18336,19301,20878,202661,182974,216,1106
130,19363,20375,22244,208261,189385,210,773
135,20418,21404,23621,213861,195308,222,697
140,21501,22424,25007,219461,201795,240,819
145,22613,23477,26411,225061,208333,256,1001
150,23752,24587,27844,230661,213590,270,1146
155,24919,25763,29314,236261,217179,279,1238
160,26115,27002,30825,241861,220359,282,1266
165,27338,28286,32378,247461,224769,278,1206
170,28589,29591,33968,253061,230949,271,1067
175,29869,30895,35587,258661,238128,267,917
180,31176,32190,37225,264261,245103,273,841
185,32511,33490,38880,269861,251179,286,882
190,33875,34819,40555,275461,256462,300,999
195,35266,36196,42259,281061,261256,312,1119
200,36685,37630,43997,286661,266000,317,1178
205,38132,39112,45772,292261,270923,317,1109
210,39608,40625,47577,297861,276205,316,971
215,41111,42155,49405,303461,282051,316,826
220,42642,43695,51246,309061,288359,318,709
225,44202,45246,53093,314661,294692,325,636
230,45789,46817,54941,320261,300692,333,620
235,47404,48419,56792,325861,306154,343,648
240,49048,50060,58648,331461,311205,351,688
245,50719,51744,60510,337061,316179,356,714
250,52418,53466,62379,342661,321436,358,705
255,54146,55217,64254,348261,327051,359,678
260,55901,56989,66134,353861,332949,361,650
265,57684,58777,68018,359461,338923,365,638
270,59495,60584,69904,365061,344846,372,666
275,61335,62416,71797,370661,350590,379,726
280,63202,64280,73699,376261,356077,387,797
285,65097,66179,75614,381861,361359,393,865
290,67021,68114,77548,387461,366641,397,918
295,68972,70082,79504,393061,372103,400,952
300,70951,72076,81483,398661,377718,403,970
305,72959,74093,83487,404261,383487,407,983
310,74994,76132,85516,409861,389333,412,1010
315,77057,78196,87572,415461,395128,417,1044
320,79149,80286,89657,421061,400744,424,1086
325,81268,82407,91776,426661,406231,430,1133
330,83415,84561,93931,432261,411692,435,1171
335,85590,86746,96122,437861,417103,439,1191
340,87794,88961,98352,443461,422667,443,1198
345,90025,91202,100621,449061,428282,447,1194
350,92284,93469,102928,454661,434000,452,1188
355,94572,95761,105274,460261,439718,457,1183
360,96887,98079,107658,465861,445410,462,1181
365,99230,100425,110080,471461,451026,468,1181
370,101602,102801,112540,477061,456564,473,1179
375,104001,105207,115038,482661,462051,478,1173
380,106428,107642,117573,488261,467564,483,1160
385,108884,110106,120145,493861,473128,487,1138
390,111367,112598,122752,499461,478795,491,1116
395,113878,115115,125392,505061,484436,496,1090
400,116417,117660,128064,510661,490103,501,1074
405,118985,120232,130767,516261,495744,506,1055
410,121580,122832,133499,521861,501333,511,1039
415,124203,125460,136260,527461,506897,517,1027
420,126855,128118,139049,533061,512436,522,1019
425,129534,130805,141865,538661,518000,526,1005
430,132241,133520,144707,544261,523615,531,986
435,134977,136263,147575,549861,529256,535,972
440,137740,139032,150467,555461,534872,540,962
445,140531,141829,153382,561061,540487,545,953
450,143351,144653,156321,566661,546103,550,953
455,146198,147506,159282,572261,551718,555,953
460,149073,150387,162267,577861,557282,560,954
465,151976,153297,165275,583461,562846,565,956
470,154908,156235,168306,589061,568436,570,960
475,157867,159201,171361,594661,574026,575,963
480,160854,162196,174440,600261,579667,579,965
485,163870,165217,177544,605861,585282,584,970
490,166913,168266,180672,611461,590872,589,975
495,169984,171343,183825,617061,596487,594,985
500,173084,174448,187003,622661,602077,599,996
505,176211,177581,190207,628261,607667,604,1005
510,179366,180743,193438,633861,613256,609,1012
515,182550,183933,196696,639461,618846,614,1017
520,185761,187151,199982,645061,624436,619,1026
525,189000,190397,203296,650661,630051,623,1031
530,192267,193670,206638,656261,635667,628,1038
535,195563,196971,210008,661861,641282,633,1043
540,198886,200300,213407,667461,646872,638,1047
545,202237,203658,216837,673061,652487,643,1053
550,205617,207043,220296,678661,658051,648,1056
555,209024,210457,223786,684261,663667,653,1060
560,212459,213898,227306,689861,669231,658,1058
565,215923,217368,230856,695461,674846,663,1060
570,219414,220866,234436,701061,680462,667,1058
575,222933,224391,238046,706661,686051,672,1055
580,226481,227945,241686,712261,691667,677,1055
585,230056,231526,245356,717861,697256,682,1051
590,233659,235135,249056,723461,702846,687,1048
595,237290,238773,252785,729061,708462,692,1046
600,240950,242439,256543,734661,714077,697,1042
605,244637,246132,260329,740261,719641,702,1039
610,248352,249854,264144,745861,725256,706,1036
615,252096,253603,267988,751461,730846,711,1033
620,255867,257381,271860,757061,736462,716,1031
625,259666,261186,275760,762661,742051,721,1027
630,263494,265019,279689,768261,747641,726,1024
635,267349,268881,283646,773861,753256,731,1024
640,271232,272771,287630,779461,758872,736,1020
645,275144,276688,291642,785061,764436,741,1018
650,279083,280634,295682,790661,770051,745,1017
655,283050,284607,299749,796261,775641,750,1014
660,287044,288605,303843,800000,781154,618,1013
665,291044,292432,307929,800000,781590,655,-701
670,295044,296125,311949,800000,777846,732,-164
675,299044,299893,315935,800000,775282,789,759
680,303044,303837,319940,800000,776538,798,1339
685,307044,307923,323992,800000,780718,769,1311
690,311044,312044,328081,800000,785077,732,867
695,315044,316108,332179,800000,787256,712,395
700,319044,320087,336262,800000,787077,717,191
705,323044,324018,340322,800000,790872,723,246
710,327044,327932,344360,800000,796513,728,297
715,331044,331847,348379,800000,799487,739,357
720,335044,335786,352385,800000,798487,755,508
725,339044,339772,356389,800000,795487,765,698
730,343044,343812,360401,800000,793564,761,802
735,347044,347880,364424,800000,794103,745,716
740,351044,351933,368450,800000,796333,728,503
745,355044,355940,372468,800000,798436,721,312
750,359044,359901,376466,800000,799667,727,264
755,363044,363842,380446,800000,800256,738,363
760,367044,367794,384413,800000,800385,748,518
765,371044,371776,388378,800000,800000,753,647
770,375044,375789,392347,800000,799077,753,707
775,379044,379821,396322,800000,798128,748,701
780,383044,383855,400303,800000,797846,741,647
785,387044,387876,404287,800000,798487,735,572
790,391044,391876,408268,800000,799667,732,506
795,395044,395856,412243,800000,800667,734,490
800,399044,399825,416212,800000,800949,740,533
805,403044,403801,420178,800000,800615,746,618
810,407044,407794,424147,800000,800000,749,695
815,411044,411805,428123,800000,799410,748,733
820,415044,415826,432107,800000,799128,744,713
825,419044,419846,436098,800000,799179,740,661
830,423044,423854,440093,800000,799513,737,612
835,427044,427851,444088,800000,800026,737,582
840,431044,431837,448082,800000,800462,739,579
845,435043,435821,452076,798939,800590,607,604
850,439024,439663,456043,793339,796641,627,-751
855,442977,443309,459928,787739,787179,696,-674
860,446901,446969,463748,782139,777897,748,201
865,450798,450759,467551,776539,772077,765,804
870,454667,454675,471368,770939,769744,749,958
875,458508,458642,475204,765339,769077,715,716
880,462320,462571,479040,759739,767615,683,307
885,466105,466406,482852,754139,763897,665,-33
890,469862,470141,486622,748539,762564,664,-182
895,473590,473807,490343,742939,763410,672,-136
900,477291,477444,494019,737339,762256,679,0
905,480964,481080,497658,731739,757590,681,131
910,484608,484721,501268,726139,750103,676,179
915,488225,488356,504850,720539,741615,665,147
920,491814,491965,508401,714939,733795,655,68
925,495374,495535,511916,709339,727538,646,-6
930,498907,499062,515391,703739,722641,641,-43
935,502412,502551,518825,698139,718333,639,-35
940,505889,506009,522219,692539,713795,637,0
945,509337,509444,525576,686939,708615,633,42
950,512758,512857,528896,681339,702769,629,70
955,516151,516247,532182,675739,696590,623,82
960,519515,519611,535435,670139,690487,617,85
965,522852,522945,538655,664539,684641,611,88
970,526161,526249,541842,658939,679154,606,94
975,529441,529522,544996,653339,673769,602,107
980,532694,532766,548119,647739,668410,597,128
985,535919,535983,551211,642139,662949,593,151
990,539116,539172,554274,636539,657308,588,169
995,542284,542335,557310,630939,651615,583,186
1000,545425,545471,560320,625339,645923,578,196
1005,548538,548578,563303,619739,640256,573,202
1010,551622,551657,566261,614139,634641,568,211
1015,554679,554707,569194,608539,629077,563,214
1020,557708,557729,572103,602939,623538,558,221
1025,560708,560723,574987,597339,617949,554,227
1030,563681,563690,577846,591739,612385,549,232
1035,566626,566628,580682,586139,606769,544,231
1040,569542,569539,583494,580539,601128,539,231
1045,572431,572421,586282,574939,595513,534,228
1050,575292,575276,589047,569339,589897,529,225
1055,578125,578102,591788,563739,584308,524,219
1060,580929,580901,594504,558139,578744,519,213
1065,583706,583671,597195,552539,573128,515,209
1070,586455,586414,599860,546939,567538,509,202
1075,589175,589128,602500,541339,561949,505,195
1080,591868,591814,605114,535739,556333,500,188
1085,594533,594473,607701,530139,550744,495,182
1090,597169,597104,610261,524539,545154,490,174
1095,599778,599706,612794,518939,539538,485,167
1100,602359,602280,615299,513339,533923,480,162
1105,604911,604827,617775,507739,528333,475,155
1110,607436,607345,620221,502139,522718,471,150
1115,609933,609836,622638,496539,517128,466,146
1120,612402,612298,625026,490939,511538,461,145
1125,614842,614733,627385,485339,505949,456,142
1130,617255,617139,629714,479739,500333,451,139
1135,619640,619518,632014,474139,494744,446,139
1140,621996,621868,634284,468539,489128,441,140
1145,624325,624191,636524,462939,483538,436,138
1150,626626,626486,638734,457339,477949,431,138
1155,628898,628752,640915,451739,472359,426,141
1160,631143,630990,643066,446139,466744,422,142
1165,633360,633200,645187,440539,461103,417,146
1170,635548,635383,647278,434939,455538,412,150
1175,637709,637537,649340,429339,449923,407,152
1180,639842,639664,651374,423739,444333,402,155
1185,641947,641762,653379,418139,438718,397,158
1190,644023,643833,655355,412539,433128,392,161
1195,646072,645875,657303,406939,427513,388,164
1200,648093,647890,659224,401339,421949,383,167
1205,650085,649876,661117,395739,416333,378,169
1210,652050,651835,662981,390139,410744,373,169
1215,653987,653766,664817,384539,405154,368,173
1220,655895,655668,666627,378939,399538,363,174
1225,657776,657542,668409,373339,393923,358,176
1230,659629,659388,670163,367739,388333,354,177
1235,661453,661207,671889,362139,382744,349,179
1240,663250,662998,673589,356539,377154,344,178
1245,665019,664760,675261,350939,371538,339,179
1250,666760,666495,676906,345339,365949,334,179
1255,668472,668201,678523,339739,360333,329,178
1260,670157,669879,680114,334139,354718,324,177
1265,671814,671530,681677,328539,349128,319,178
1270,673442,673152,683213,322939,343538,315,177
1275,675043,674747,684721,317339,337949,310,176
1280,676616,676313,686202,311739,332333,305,174
1285,678160,677852,687656,306139,326744,300,172
1290,679677,679363,689082,300539,321154,295,170
1295,681166,680845,690480,294939,315538,290,168
1300,682626,682299,691850,289339,309923,285,167
1305,684059,683725,693192,283739,304333,280,169
1310,685464,685124,694506,278139,298744,275,169
1315,686841,686495,695792,272539,293154,270,168
1320,688189,687837,697050,266939,287538,266,164
1325,689510,689152,698280,261339,281923,261,163
1330,690803,690438,699481,255739,276333,256,163
1335,692067,691696,700655,250139,270718,251,164
1340,693304,692927,701800,244539,265154,246,163
1345,694513,694129,702917,238939,259538,241,163
1350,695693,695304,704005,233339,253949,236,164
1355,696846,696451,705065,227739,248333,231,163
1360,697971,697567,706097,222139,242667,176,161
1365,699067,698585,707088,216539,235231,191,-453
1370,700136,699530,708019,210939,226615,220,-142
1375,701177,700490,708909,205339,219103,236,271
1380,702190,701497,709781,199739,213513,231,498
1385,703174,702528,710645,194139,209282,211,461
1390,704131,703535,711495,188539,205128,190,266
1395,705060,704482,712321,182939,200128,179,87
1400,705960,705363,713114,177339,194410,177,33
1405,706833,706196,713871,171739,190256,176,84
1410,707678,706998,714595,166139,186641,174,131
1415,708494,707777,715289,160539,181795,174,175
1420,709283,708542,715957,154939,175359,175,247
1425,710044,709300,716604,149339,168385,173,319
1430,710776,710049,717232,143739,162026,165,340
1435,711481,710777,717843,138139,156769,153,287
1440,712158,711466,718432,132539,152128,142,190
1445,712807,712107,718992,126939,147385,135,113
1450,713427,712701,719521,121339,142205,133,101
1455,714020,713262,720019,115739,136692,134,148
1460,714585,713803,720488,110139,131000,133,209
1465,715121,714331,720933,104539,125154,129,248
1470,715630,714843,721355,98939,119128,123,256
1475,716111,715332,721754,93339,113154,116,233
1480,716563,715793,722129,87739,107538,108,195
1485,716988,716218,722477,82139,102282,101,153
1490,717385,716606,722795,76539,97179,95,120
1495,717753,716958,723082,70939,91949,92,114
1500,718094,717279,723338,65339,86385,90,133
1505,718407,717577,723564,59739,80590,88,165
1510,718692,717855,723763,54139,74667,83,189
1515,718948,718112,723936,48539,68846,78,191
1520,719177,718344,724086,42939,63154,71,163
1525,719378,718546,724216,37339,57615,64,126
1530,719550,718715,724328,31739,52205,59,84
1535,719695,718850,724424,26139,46821,54,42
1540,719812,718960,724502,20539,41538,48,11
1545,719900,719054,724565,14939,36410,40,-42
1550,719961,719133,724610,9339,31410,28,-134
1555,719994,719190,724636,3739,26385,15,-256
1560,720000,719228,724637,0,21564,115,-394
1565,720000,719370,724642,0,20205,88,911
1570,720000,719560,724691,0,20897,44,528
1575,720000,719708,724759,0,21385,64,265
1580,720000,719839,724833,0,22026,35,253
1585,720000,719920,724902,0,21769,17,-79
1590,720000,719963,724951,0,20949,8,-265
1595,720000,719983,724971,0,20103,3,-340
1600,720000,719991,724965,0,19128,1,-355
1605,720000,719994,724938,0,15026,1,-347
1610,720000,719995,724894,0,10308,1,-328
1615,720000,719995,724836,0,6615,1,-310
1620,720000,719995,724770,0,3487,1,-292
1625,720000,719995,724698,0,1641,1,-276
1630,720000,719995,724621,0,692,1,-265
1635,720000,719995,724543,0,256,1,-256
1640,720000,719995,724463,0,77,1,-247
1645,720000,719995,724382,0,26,1,-242
1650,720000,719995,724301,0,0,1,-234
1655,720000,719995,724221,0,0,1,-228
1660,720000,719995,724141,0,0,1,-223
1665,720000,719995,724062,0,0,1,-216
1670,720000,719995,723984,0,0,1,-213
1675,720000,719995,723908,0,0,1,-208
1680,720000,719995,723832,0,0,1,-205
1685,720000,719995,723757,0,0,1,-200
1690,720000,719995,723684,0,0,1,-195
1695,720000,719995,723612,0,0,1,-192
1700,720000,719995,723541,0,0,1,-187
1705,720000,719995,723471,0,0,1,-183
1710,720000,719995,723403,0,0,1,-180
1715,720000,719995,723336,0,0,1,-177
1720,720000,719995,723270,0,0,1,-173
1725,720000,719995,723206,0,0,1,-169
1730,720000,719995,723143,0,0,1,-166
1735,720000,719995,723081,0,0,1,-163
1740,720000,719995,723020,0,0,1,-158
1745,720000,719995,722961,0,0,1,-156
1750,720000,719995,722903,0,0,1,-153
1755,720000,719995,722847,0,0,1,-149
1760,720000,719995,722792,0,0,1,-148
1765,720000,719995,722737,0,0,1,-143
1770,720000,719995,722683,0,0,1,-141
1775,720000,719995,722631,0,0,1,-137
1780,720000,719995,722580,0,0,1,-136
1785,720000,719995,722530,0,0,1,-133
1790,720000,719995,722481,0,0,1,-131
1795,720000,719995,722433,0,0,1,-127
1800,720000,719995,722386,0,0,1,-125
1805,720000,719995,722339,0,0,1,-122
1810,720000,719995,722293,0,0,1,-121
1815,720000,719995,722248,0,0,1,-117
1820,720000,719995,722203,0,0,1,-115
1825,720000,719995,722159,0,0,1,-113
1830,720000,719995,722116,0,0,1,-111
1835,720000,719995,722074,0,0,1,-109
1840,720000,719995,722032,0,0,1,-107
1845,720000,719995,721992,0,0,1,-103
1850,720000,719995,721953,0,0,1,-101
1855,720000,719995,721915,0,0,1,-100
1860,720000,719995,721877,0,0,1,-98
1865,720000,719995,721840,0,0,1,-95
1870,720000,719995,721804,0,0,1,-95
1875,720000,719995,721768,0,0,1,-91
1880,720000,719995,721733,0,0,1,-89
1885,720000,719995,721699,0,0,1,-88
1890,720000,719995,721665,0,0,1,-86
1895,720000,719995,721631,0,0,1,-85
1900,720000,719995,721598,0,0,1,-83
1905,720000,719995,721565,0,0,1,-82
1910,720000,719995,721533,0,0,1,-80
1915,720000,719995,721503,0,0,1,-78
1920,720000,719995,721473,0,0,1,-75
1925,720000,719995,721444,0,0,1,-74
1930,720000,719995,721415,0,0,1,-73
1935,720000,719995,721387,0,0,1,-71
1940,720000,719995,721360,0,0,1,-70
1945,720000,719995,721334,0,0,1,-69
1950,720000,719995,721309,0,0,1,-68
1955,720000,719995,721284,0,0,1,-66
1960,720000,719995,721259,0,0,1,-65
1965,720000,719995,721235,0,0,1,-62
1970,720000,719995,721211,0,0,1,-61
1975,720000,719995,721188,0,0,1,-61
1980,720000,719995,721165,0,0,1,-59
1985,720000,719995,721142,0,0,1,-58
1990,720000,719995,721119,0,0,1,-57
1995,720000,719995,721097,0,0,1,-56
2000,720000,719995,721075,0,0,1,-55
2005,720000,719995,721053,0,0,1,-54
2010,720000,719995,721032,0,0,1,-52
2015,720000,719995,721011,0,0,1,-50
2020,720000,719995,720991,0,0,1,-50
2025,720000,719995,720971,0,0,1,-49
2030,720000,719995,720951,0,0,1,-47
2035,720000,719995,720932,0,0,1,-48
2040,720000,719995,720913,0,0,1,-47
2045,720000,719995,720894,0,0,1,-46
2050,720000,719995,720876,0,0,1,-44
2055,720000,719995,720858,0,0,1,-44
2060,720000,719995,720841,0,0,1,-42
2065,720000,719995,720824,0,0,1,-43
2070,720000,719995,720807,0,0,1,-41
2075,720000,719995,720790,0,0,1,-38
2080,720000,719995,720774,0,0,1,-38
2085,720000,719995,720758,0,0,1,-38
2090,720000,719995,720742,0,0,1,-37
2095,720000,719995,720728,0,0,1,-35
2100,720000,719995,720714,0,0,1,-35
2105,720000,719995,720700,0,0,1,-35
2110,720000,719995,720687,0,0,1,-33
2115,720000,719995,720674,0,0,1,-34
2120,720000,719995,720661,0,0,1,-32
2125,720000,719995,720648,0,0,1,-32
2130,720000,719995,720636,0,0,1,-32
2135,720000,719995,720624,0,0,1,-30
2140,720000,719995,720612,0,0,1,-31
2145,720000,719995,720599,0,0,1,-29
2150,720000,719995,720587,0,0,1,-29
2155,720000,719995,720575,0,0,1,-29
2160,720000,719995,720563,0,0,1,-29
2165,720000,719995,720551,0,0,1,-26
2170,720000,719995,720539,0,0,1,-26
2175,720000,719995,720528,0,0,1,-25
2180,720000,719995,720517,0,0,1,-24
2185,720000,719995,720506,0,0,1,-24
2190,720000,719995,720495,0,0,1,-23
2195,720000,719995,720485,0,0,1,-23
2200,720000,719995,720475,0,0,1,-23
2205,720000,719995,720465,0,0,1,-22
2210,720000,719995,720455,0,0,1,-22
2215,720000,719995,720445,0,0,1,-20
2220,720000,719995,720435,0,0,1,-20
2225,720000,719995,720426,0,0,1,-20
2230,720000,719995,720417,0,0,1,-20
2235,720000,719995,720408,0,0,1,-18
2240,720000,719995,720399,0,0,1,-18
2245,720000,719995,720390,0,0,1,-19
2250,720000,719995,720381,0,0,1,-17
2255,720000,719995,720373,0,0,1,-17
2260,720000,719995,720365,0,0,1,-17
2265,720000,719995,720357,0,0,1,-16
2270,720000,719995,720349,0,0,1,-17
2275,720000,719995,720341,0,0,1,-15
2280,720000,719995,720333,0,0,1,-15
2285,720000,719995,720326,0,0,1,-15
2290,720000,719995,720319,0,0,1,-14
2295,720000,719995,720312,0,0,1,-13
2300,720000,719995,720305,0,0,1,-13
2305,720000,719995,720298,0,0,1,-12
2310,720000,719995,720291,0,0,1,-12
2315,720000,719995,720284,0,0,1,-13
2320,720000,719995,720278,0,0,1,-13
2325,720000,719995,720272,0,0,1,-11
2330,720000,719995,720266,0,0,1,-11
2335,720000,719995,720260,0,0,1,-11
2340,720000,719995,720254,0,0,1,-9
2345,720000,719995,720248,0,0,1,-10
2350,720000,719995,720242,0,0,1,-10
2355,720000,719995,720236,0,0,1,-10
2360,720000,719995,720230,0,0,1,-9
2365,720000,719995,720224,0,0,1,-9
2370,720000,719995,720219,0,0,1,-9
2375,720000,719995,720214,0,0,1,-10
2380,720000,719995,720209,0,0,1,-8
2385,720000,719995,720204,0,0,1,-8
2390,720000,719995,720199,0,0,1,-8
2395,720000,719995,720194,0,0,1,-8
2400,720000,719995,720189,0,0,1,-6
2405,720000,719995,720184,0,0,1,-6
2410,720000,719995,720179,0,0,1,-6
2415,720000,719995,720174,0,0,1,-7
2420,720000,719995,720170,0,0,1,-7
2425,720000,719995,720166,0,0,1,-6
2430,720000,719995,720162,0,0,1,-6
2435,720000,719995,720158,0,0,1,-6
2440,720000,719995,720154,0,0,1,-6
2445,720000,719995,720150,0,0,1,-6
2450,720000,719995,720146,0,0,1,-4
2455,720000,719995,720142,0,0,1,-4
2460,720000,719995,720138,0,0,1,-5
2465,720000,719995,720134,0,0,1,-5
2470,720000,719995,720130,0,0,1,-5
2475,720000,719995,720126,0,0,1,-5
2480,720000,719995,720122,0,0,1,-3
2485,720000,719995,720118,0,0,1,-3
2490,720000,719995,720115,0,0,1,-3
2495,720000,719995,720112,0,0,1,-3
2500,720000,719995,720109,0,0,1,-3
2505,720000,719995,720106,0,0,1,-3
2510,720000,719995,720104,0,0,1,-2
2515,720000,719995,720102,0,0,1,-2
2520,720000,719995,720100,0,0,1,-2
2525,720000,719995,720098,0,0,1,-2
2530,720000,719995,720096,0,0,1,-2
2535,720000,719995,720094,0,0,1,-2
2540,720000,719995,720092,0,0,1,-2
2545,720000,719995,720090,0,0,1,-2
2550,720000,719995,720088,0,0,1,-2
2555,720000,719995,720086,0,0,1,-2
2560,720000,719995,720084,0,0,1,-2
2565,720000,719995,720082,0,0,1,-2
2570,720000,719995,720080,0,0,1,-1
2575,720000,719995,720078,0,0,1,-1
2580,720000,719995,720076,0,0,1,-1
2585,720000,719995,720075,0,0,1,-1
2590,720000,719995,720073,0,0,1,-1
2595,720000,719995,720071,0,0,1,-1
2600,720000,719995,720069,0,0,1,-1
2605,720000,719995,720067,0,0,1,-1
2610,720000,719995,720065,0,0,1,-1
2615,720000,719995,720063,0,0,1,-1
2620,720000,719995,720061,0,0,1,-1
2625,720000,719995,720059,0,0,1,1
2630,720000,719995,720058,0,0,1,2
2635,720000,719995,720057,0,0,1,2
2640,720000,719995,720056,0,0,1,2
2645,720000,719995,720055,0,0,1,2
2650,720000,719995,720054,0,0,1,2
2655,720000,719995,720053,0,0,1,2
2660,720000,719995,720052,0,0,1,2
2665,720000,719995,720051,0,0,1,2
2670,720000,719995,720050,0,0,1,2
2675,720000,719995,720049,0,0,1,2
2680,720000,719995,720048,0,0,1,2
2685,720000,719995,720047,0,0,1,2
2690,720000,719995,720046,0,0,1,2
2695,720000,719995,720045,0,0,1,2
2700,720000,719995,720044,0,0,1,2
2705,720000,719995,720043,0,0,1,2
2710,720000,719995,720042,0,0,1,2
2715,720000,719995,720041,0,0,1,2
2720,720000,719995,720040,0,0,1,2
2725,720000,719995,720039,0,0,1,2
2730,720000,719995,720038,0,0,1,4
2735,720000,719995,720037,0,0,1,3
2740,720000,719995,720036,0,0,1,3
2745,720000,719995,720035,0,0,1,3
2750,720000,719995,720034,0,0,1,3
2755,720000,719995,720033,0,0,1,3
2760,720000,719995,720032,0,0,1,3
2765,720000,719995,720032,0,0,1,3
2770,720000,719995,720032,0,0,1,3
2775,720000,719995,720032,0,0,1,3
2780,720000,719995,720032,0,0,1,3
2785,720000,719995,720032,0,0,1,3
2790,720000,719995,720032,0,0,1,3
2795,720000,719995,720032,0,0,1,3
2800,720000,719995,720032,0,0,1,3
2805,720000,719995,720032,0,0,1,3
2810,720000,719995,720032,0,0,1,3
2815,720000,719995,720032,0,0,1,3
2820,720000,719995,720032,0,0,1,3
2825,720000,719995,720032,0,0,1,3
2830,720000,719995,720032,0,0,1,3
2835,720000,719995,720032,0,0,1,3
2840,720000,719995,720032,0,0,1,3
2845,720000,719995,720032,0,0,1,3
2850,720000,719995,720032,0,0,1,3
2855,720000,719995,720032,0,0,1,3
2860,720000,719995,720032,0,0,1,3
2865,720000,719995,720032,0,0,1,3
2870,720000,719995,720032,0,0,1,3
2875,720000,719995,720032,0,0,1,3
2880,720000,719995,720032,0,0,1,3
2885,720000,719995,720032,0,0,1,3
2890,720000,719995,720032,0,0,1,3
2895,720000,719995,720032,0,0,1,3
2900,720000,719995,720032,0,0,1,3
2905,720000,719995,720032,0,0,1,3
2910,720000,719995,720032,0,0,1,3
2915,720000,719995,720032,0,0,1,3
2920,720000,719995,720032,0,0,1,3
2925,720000,719995,720032,0,0,1,3
2930,720000,719995,720032,0,0,1,3
2935,720000,719995,720032,0,0,1,3
2940,720000,719995,720032,0,0,1,3
2945,720000,719995,720032,0,0,1,3
2950,720000,719995,720032,0,0,1,3
2955,720000,719995,720032,0,0,1,3
2960,720000,719995,720032,0,0,1,3
2965,720000,719995,720032,0,0,1,3
2970,720000,719995,720032,0,0,1,3
2975,720000,719995,720032,0,0,1,3
2980,720000,719995,720032,0,0,1,3
2985,720000,719995,720032,0,0,1,3
2990,720000,719995,720032,0,0,1,3
2995,720000,719995,720032,0,0,1,3
3000,720000,719995,720032,0,0,1,3
3005,720000,719995,720032,0,0,1,3
3010,720000,719995,720032,0,0,1,3
3015,720000,719995,720032,0,0,1,3
3020,720000,719995,720032,0,0,1,3
3025,720000,719995,720032,0,0,1,3
3030,720000,719995,720032,0,0,1,3
3035,720000,719995,720032,0,0,1,3
3040,720000,719995,720032,0,0,1,3
3045,720000,719995,720032,0,0,1,3
3050,720000,719995,720032,0,0,1,3
3055,720000,719995,720032,0,0,1,3
3060,720000,719995,720032,0,0,1,3
3065,720000,719995,720032,0,0,1,3
3070,720000,719995,720032,0,0,1,3
3075,720000,719995,720032,0,0,1,3
3080,720000,719995,720032,0,0,1,3
3085,720000,719995,720032,0,0,1,3
3090,720000,719995,720032,0,0,1,3
3095,720000,719995,720032,0,0,1,3
3100,720000,719995,720032,0,0,1,3
3105,720000,719995,720032,0,0,1,3
3110,720000,719995,720032,0,0,1,3
3115,720000,719995,720032,0,0,1,3
3120,720000,719995,720032,0,0,1,3
3125,720000,719995,720032,0,0,1,3
3130,720000,719995,720032,0,0,1,3
3135,720000,719995,720032,0,0,1,3
3140,720000,719995,720032,0,0,1,3
3145,720000,719995,720032,0,0,1,3
3150,720000,719995,720032,0,0,1,3
3155,720000,719995,720032,0,0,1,3
3160,720000,719995,720032,0,0,1,3
3165,720000,719995,720032,0,0,1,3
3170,720000,719995,720032,0,0,1,3
3175,720000,719995,720032,0,0,1,3
3180,720000,719995,720032,0,0,1,3
3185,720000,719995,720032,0,0,1,3
3190,720000,719995,720032,0,0,1,3
3195,720000,719995,720032,0,0,1,3
3200,720000,719995,720032,0,0,1,3
3205,720000,719995,720032,0,0,1,3
3210,720000,719995,720032,0,0,1,3
3215,720000,719995,720032,0,0,1,3
3220,720000,719995,720032,0,0,1,3
3225,720000,719995,720032,0,0,1,3
3230,720000,719995,720032,0,0,1,3
3235,720000,719995,720032,0,0,1,3
3240,720000,719995,720032,0,0,1,3
3245,720000,719995,720032,0,0,1,3
3250,720000,719995,720032,0,0,1,3
3255,720000,719995,720032,0,0,1,3
3260,720000,719995,720032,0,0,1,3
3265,720000,719995,720032,0,0,1,3
3270,720000,719995,720032,0,0,1,3
3275,720000,719995,720032,0,0,1,3
3280,720000,719995,720032,0,0,1,3
3285,720000,719995,720032,0,0,1,3
3290,720000,719995,720032,0,0,1,3
3295,720000,719995,720032,0,0,1,3
3300,720000,719995,720032,0,0,1,3
3305,720000,719995,720032,0,0,1,3
3310,720000,719995,720032,0,0,1,3
3315,720000,719995,720032,0,0,1,3
3320,720000,719995,720032,0,0,1,3
3325,720000,719995,720032,0,0,1,3
3330,720000,719995,720032,0,0,1,3
3335,720000,719995,720032,0,0,1,3
3340,720000,719995,720032,0,0,1,3
3345,720000,719995,720032,0,0,1,3
3350,720000,719995,720032,0,0,1,3
3355,720000,719995,720032,0,0,1,3
3360,720000,719995,720032,0,0,1,3
3365,720000,719995,720032,0,0,1,3
3370,720000,719995,720032,0,0,1,3
3375,720000,719995,720032,0,0,1,3
3380,720000,719995,720032,0,0,1,3
3385,720000,719995,720032,0,0,1,3
3390,720000,719995,720032,0,0,1,3
3395,720000,719995,720032,0,0,1,3
3400,720000,719995,720032,0,0,1,3
3405,720000,719995,720032,0,0,1,3
3410,720000,719995,720032,0,0,1,3
3415,720000,719995,720032,0,0,1,3
3420,720000,719995,720032,0,0,1,3
3425,720000,719995,720032,0,0,1,3
3430,720000,719995,720032,0,0,1,3
3435,720000,719995,720032,0,0,1,3
3440,720000,719995,720032,0,0,1,3
3445,720000,719995,720032,0,0,1,3
3450,720000,719995,720032,0,0,1,3
3455,720000,719995,720032,0,0,1,3
3460,720000,719995,720032,0,0,1,3
3465,720000,719995,720032,0,0,1,3
3470,720000,719995,720032,0,0,1,3
3475,720000,719995,720032,0,0,1,3
3480,720000,719995,720032,0,0,1,3
3485,720000,719995,720032,0,0,1,3
3490,720000,719995,720032,0,0,1,3
3495,720000,719995,720032,0,0,1,3
3500,720000,719995,720032,0,0,1,3
3505,720000,719995,720032,0,0,1,3
3510,720000,719995,720032,0,0,1,3
3515,720000,719995,720032,0,0,1,3
3520,720000,719995,720032,0,0,1,3
3525,720000,719995,720032,0,0,1,3
3530,720000,719995,720032,0,0,1,3
3535,720000,719995,720032,0,0,1,3
3540,720000,719995,720032,0,0,1,3
3545,720000,719995,720032,0,0,1,3
3550,720000,719995,720032,0,0,1,3
3555,720000,719995,720032,0,0,1,3
3560,720000,719995,720032,0,0,1,3
3565,720000,719995,720032,0,0,1,3
3570,720000,719995,720032,0,0,1,3
3575,720000,719995,720032,0,0,1,3
3580,720000,719995,720032,0,0,1,3
3585,720000,719995,720032,0,0,1,3
3590,720000,719995,720032,0,0,1,3
3595,720000,719995,720032,0,0,1,3
3600,720000,719995,720032,0,0,1,3
3605,720000,719995,720032,0,0,1,3
3610,720000,719995,720032,0,0,1,3
3615,720000,719995,720032,0,0,1,3
3620,720000,719995,720032,0,0,1,3
3625,720000,719995,720032,0,0,1,3
3630,720000,719995,720032,0,0,1,3
3635,720000,719995,720032,0,0,1,3
3640,720000,719995,720032,0,0,1,3
3645,720000,719995,720032,0,0,1,3
3650,720000,719995,720032,0,0,1,3
3655,720000,719995,720032,0,0,1,3
3660,720000,719995,720032,0,0,1,3
3665,720000,719995,720032,0,0,1,3
3670,720000,719995,720032,0,0,1,3
3675,720000,719995,720032,0,0,1,3
3680,720000,719995,720032,0,0,1,3
3685,720000,719995,720032,0,0,1,3
3690,720000,719995,720032,0,0,1,3
3695,720000,719995,720032,0,0,1,3
3700,720000,719995,720032,0,0,1,3
3705,720000,719995,720032,0,0,1,3
3710,720000,719995,720032,0,0,1,3
3715,720000,719995,720032,0,0,1,3
3720,720000,719995,720032,0,0,1,3
3725,720000,719995,720032,0,0,1,3
3730,720000,719995,720032,0,0,1,3
3735,720000,719995,720032,0,0,1,3
3740,720000,719995,720032,0,0,1,3
3745,720000,719995,720032,0,0,1,3
3750,720000,719995,720032,0,0,1,3
3755,720000,719995,720032,0,0,1,3
3760,720000,719995,720032,0,0,1,3
3765,720000,719995,720032,0,0,1,3
3770,720000,719995,720032,0,0,1,3
3775,720000,719995,720032,0,0,1,3
3780,720000,719995,720032,0,0,1,3
3785,720000,719995,720032,0,0,1,3
3790,720000,719995,720032,0,0,1,3
3795,720000,719995,720032,0,0,1,3
3800,720000,719995,720032,0,0,1,3
3805,720000,719995,720032,0,0,1,3
3810,720000,719995,720032,0,0,1,3
3815,720000,719995,720032,0,0,1,3
3820,720000,719995,720032,0,0,1,3
3825,720000,719995,720032,0,0,1,3
3830,720000,719995,720032,0,0,1,3
3835,720000,719995,720032,0,0,1,3
3840,720000,719995,720032,0,0,1,3
3845,720000,719995,720032,0,0,1,3
3850,720000,719995,720032,0,0,1,3
3855,720000,719995,720032,0,0,1,3
3860,720000,719995,720032,0,0,1,3
3865,720000,719995,720032,0,0,1,3
3870,720000,719995,720032,0,0,1,3
3875,720000,719995,720032,0,0,1,3
3880,720000,719995,720032,0,0,1,3
3885,720000,719995,720032,0,0,1,3
3890,720000,719995,720032,0,0,1,3
3895,720000,719995,720032,0,0,1,3
3900,720000,719995,720032,0,0,1,3
3905,720000,719995,720032,0,0,1,3
3910,720000,719995,720032,0,0,1,3
3915,720000,719995,720032,0,0,1,3
3920,720000,719995,720032,0,0,1,3
3925,720000,719995,720032,0,0,1,3
3930,720000,719995,720032,0,0,1,3
3935,720000,719995,720032,0,0,1,3
3940,720000,719995,720032,0,0,1,3
3945,720000,719995,720032,0,0,1,3
3950,720000,719995,720032,0,0,1,3
3955,720000,719995,720032,0,0,1,3
3960,720000,719995,720032,0,0,1,3
3965,720000,719995,720032,0,0,1,3
3970,720000,719995,720032,0,0,1,3
3975,720000,719995,720032,0,0,1,3
3980,720000,719995,720032,0,0,1,3
3985,720000,719995,720032,0,0,1,3
3990,720000,719995,720032,0,0,1,3
3995,720000,719995,720032,0,0,1,3
TRACE END
