TRACE BEGIN axis=1 rows=800 kp=0.0003 ki=8e-07 kv=1e-06 kd=0 kff=0 ff=1 pwm=25000 target=-720 duration=4 vmax=1100 accel=2200 vscale=1 ascale=0.3 vsrc=1 vwin=40 valpha=0.05
t_ms,ref_mdeg,enc_mdeg,hat_mdeg,vref_mdegs,what_mdegs,duty_milli,cur_01ma
0,0,0,0,0,0,-35,0
5,-8,-34,-43,-3300,-872,-102,-450
10,-33,-75,-155,-6600,-1923,-100,-644
15,-120,-116,-284,-12600,-2974,-118,-636
20,-192,-166,-425,-15900,-4256,-126,-760
25,-279,-219,-585,-19200,-5615,-139,-823
30,-384,-277,-760,-22500,-7103,-155,-912
35,-504,-344,-955,-25800,-8821,-174,-1020
40,-642,-439,-1175,-29100,-11231,-189,-1136
45,-795,-583,-1438,-32400,-13872,-194,-1207
50,-966,-766,-1759,-35700,-17513,-192,-1208
55,-1152,-967,-2135,-39000,-21564,-190,-1176
60,-1356,-1174,-2558,-42300,-25590,-191,-1151
65,-1575,-1386,-3022,-45600,-29641,-196,-1152
70,-1812,-1610,-3531,-48900,-33846,-202,-1175
75,-2064,-1852,-4091,-52200,-38256,-207,-1203
80,-2334,-2117,-4709,-55500,-42385,-211,-1222
85,-2619,-2402,-5389,-58800,-45769,-213,-1229
90,-2922,-2703,-6134,-62100,-48667,-216,-1232
95,-3240,-3018,-6944,-65400,-51513,-220,-1238
100,-3576,-3348,-7821,-68700,-54667,-223,-1249
105,-3927,-3695,-8769,-72000,-58077,-227,-1264
110,-4296,-4058,-9792,-75300,-61590,-231,-1281
115,-4680,-4438,-10900,-78600,-64974,-235,-1353
120,-5082,-4836,-12114,-81900,-68308,-238,-1455
125,-5499,-5250,-13465,-85200,-71513,-241,-1558
130,-5934,-5680,-14982,-88500,-74744,-245,-1672
135,-6384,-6126,-16697,-91800,-78026,-248,-1797
140,-6852,-6589,-18647,-95100,-81359,-252,-1939
145,-7335,-7068,-20874,-98400,-84667,-256,-2103
150,-7835,-7564,-23425,-101700,-88000,-259,-2290
155,-8352,-8077,-26356,-105000,-91282,-263,-2504
160,-8885,-8606,-29731,-108300,-94564,-266,-2756
165,-9435,-9152,-33623,-111600,-97872,-270,-3054
170,-10001,-9714,-38121,-114900,-101179,-273,-3399
175,-10584,-10292,-43326,-118200,-104487,-277,-3804
180,-11183,-10887,-49357,-121500,-107795,-280,-4279
185,-11799,-11498,-56355,-124800,-111077,-284,-4834
190,-12431,-12126,-64484,-128100,-114359,-287,-5487
195,-13080,-12771,-73936,-131400,-117667,-291,-6248
200,-13745,-13432,-84815,-134700,-120974,-294,-5852
205,-14427,-14110,-97004,-138000,-124282,-298,-5256
210,-15125,-14803,-110343,-141300,-127564,-302,-4731
215,-15840,-15514,-124690,-144600,-130872,-305,-4270
220,-16571,-16241,-139920,-147900,-134179,-309,-3868
225,-17319,-16984,-155924,-151200,-137487,-312,-3514
230,-18083,-17744,-172606,-154500,-140769,-316,-3204
235,-18864,-18521,-189882,-157800,-144077,-319,-2933
240,-19661,-19314,-207678,-161100,-147385,-323,-2695
245,-20475,-20123,-225930,-164400,-150667,-327,-2488
250,-21305,-20949,-244581,-167700,-153974,-330,-2306
255,-22152,-21792,-263582,-171000,-157282,-333,-2146
260,-23015,-22651,-282889,-174300,-160590,-337,-2006
265,-23895,-23526,-302465,-177600,-163872,-341,-1883
270,-24791,-24418,-322275,-180900,-167179,-344,-1776
275,-25704,-25327,-342292,-184200,-170487,-348,-1682
280,-26633,-26251,-362489,-187500,-173744,-351,-1600
285,-27579,-27193,-382845,-190800,-177077,-355,-1527
290,-28541,-28151,-403339,-194100,-180385,-358,-1464
295,-29520,-29126,-423954,-197400,-183692,-362,-1409
300,-30515,-30117,-444676,-200700,-186974,-365,-1361
305,-31527,-31129,-465491,-204000,-190410,-368,-1317
310,-32555,-32160,-486387,-207300,-193872,-369,-1280
315,-33600,-33197,-507355,-210600,-197103,-387,-1248
320,-34661,-34266,-528385,-213900,-200718,-373,-1219
325,-35739,-35342,-549470,-217200,-204051,-376,-1194
330,-36833,-36424,-570603,-220500,-207154,-396,-1173
335,-37944,-37543,-591778,-223800,-210769,-395,-1153
340,-39071,-38674,-612990,-227100,-214282,-383,-1136
345,-40215,-39801,-634234,-230400,-217077,-404,-1122
350,-41375,-40961,-655507,-233700,-220359,-406,-1109
355,-42552,-42147,-676804,-237000,-224077,-405,-1097
360,-43745,-43345,-698123,-240300,-227256,-406,-1087
365,-44955,-44547,-719461,-243600,-230513,-411,-1078
370,-46181,-45765,-740816,-246900,-233846,-416,-1071
375,-47424,-47002,-762185,-250200,-236718,-420,-1064
380,-48683,-48259,-783567,-253500,-240000,-423,-1059
385,-49959,-49533,-804960,-256800,-243667,-425,-1054
390,-51251,-50822,-826363,-260100,-246795,-429,-1049
395,-52560,-52126,-847774,-263400,-249744,-433,-1045
400,-53885,-53446,-869193,-266700,-252846,-437,-1042
405,-55227,-54784,-890619,-270000,-256282,-440,-1039
410,-56585,-56139,-912051,-273300,-259692,-443,-1036
415,-57960,-57509,-933488,-276600,-263000,-447,-1034
420,-59351,-58896,-954929,-279900,-266256,-451,-1032
425,-60759,-60299,-976374,-283200,-269462,-454,-1030
430,-62183,-61720,-997823,-286500,-272795,-457,-1028
435,-63624,-63156,-1019274,-289800,-276103,-461,-1027
440,-65081,-64609,-1040728,-293100,-279385,-465,-1026
445,-66555,-66078,-1062184,-296400,-282667,-468,-1025
450,-68045,-67564,-1083642,-299700,-285949,-472,-1024
455,-69552,-69067,-1105102,-303000,-289282,-475,-1023
460,-71075,-70586,-1126563,-306300,-292590,-479,-1022
465,-72615,-72121,-1148026,-309600,-295872,-483,-1022
470,-74171,-73673,-1169490,-312900,-299154,-486,-1021
475,-75744,-75242,-1190955,-316200,-302487,-489,-1020
480,-77333,-76827,-1212421,-319500,-305769,-493,-1020
485,-78939,-78428,-1233888,-322800,-309077,-497,-1020
490,-80561,-80046,-1255355,-326100,-312359,-500,-1019
495,-82200,-81681,-1276823,-329400,-315667,-504,-1019
500,-83855,-83332,-1298292,-332700,-318974,-507,-1019
505,-85527,-84999,-1319761,-336000,-322282,-511,-1019
510,-87215,-86683,-1341230,-339300,-325564,-515,-1018
515,-88920,-88384,-1362700,-342600,-328872,-518,-1018
520,-90641,-90101,-1384170,-345900,-332179,-521,-1018
525,-92379,-91834,-1405640,-349200,-335462,-525,-1018
530,-94133,-93584,-1427111,-352500,-338769,-529,-1018
535,-95904,-95351,-1448582,-355800,-342077,-532,-1018
540,-97691,-97134,-1470053,-359100,-345385,-536,-1018
545,-99495,-98934,-1491524,-362400,-348692,-539,-1018
550,-101315,-100749,-1512995,-365700,-351974,-543,-1018
555,-103152,-102581,-1534467,-369000,-355256,-547,-1018
560,-105005,-104430,-1555939,-372300,-358564,-550,-1017
565,-106875,-106296,-1577411,-375600,-361872,-553,-1017
570,-108761,-108179,-1598883,-378900,-365205,-557,-1017
575,-110664,-110077,-1620355,-382200,-368487,-560,-1017
580,-112583,-111991,-1641827,-385500,-371744,-564,-1017
585,-114519,-113923,-1663299,-388800,-375077,-568,-1017
590,-116471,-115872,-1684771,-392100,-378410,-571,-1017
595,-118440,-117836,-1706243,-395400,-381692,-575,-1017
600,-120425,-119817,-1727715,-398700,-385000,-578,-1017
605,-122427,-121814,-1749187,-402000,-388282,-582,-1017
610,-124445,-123828,-1770659,-405300,-391564,-585,-1017
615,-126480,-125859,-1792131,-408600,-394897,-589,-1017
620,-128531,-127906,-1813603,-411900,-398205,-592,-1017
625,-130599,-129969,-1835075,-415200,-401487,-596,-1017
630,-132683,-132049,-1856547,-418500,-404769,-600,-1017
635,-134784,-134145,-1878019,-421800,-408051,-603,-1017
640,-136901,-136258,-1899491,-425100,-411359,-607,-1017
645,-139035,-138388,-1920963,-428400,-414667,-610,-1017
650,-141185,-140534,-1942435,-431700,-417974,-614,-1017
655,-143352,-142697,-1963907,-435000,-421282,-617,-1017
660,-145535,-144876,-1985379,-438300,-424590,-621,-1017
665,-147735,-147071,-2006851,-441600,-427872,-624,-1017
670,-149951,-149283,-2028323,-444900,-431179,-628,-1017
675,-152184,-151511,-2049795,-448200,-434462,-632,-1017
680,-154433,-153757,-2071267,-451500,-437795,-635,-1017
685,-156699,-156018,-2092739,-454800,-441077,-639,-1017
690,-158981,-158296,-2114211,-458100,-444359,-642,-1017
695,-161280,-160590,-2135683,-461400,-447667,-646,-1017
700,-163595,-162901,-2157155,-464700,-450974,-649,-1017
705,-165927,-165229,-2178627,-468000,-454282,-653,-1017
710,-168275,-167573,-2200099,-471300,-457590,-656,-1017
715,-170640,-169934,-2221571,-474600,-460897,-660,-1017
720,-173021,-172311,-2243043,-477900,-464179,-663,-1017
725,-175419,-174704,-2264515,-481200,-467487,-667,-1017
730,-177833,-177113,-2285987,-484500,-470769,-671,-1017
735,-180264,-179540,-2307459,-487800,-474077,-674,-1017
740,-182711,-181983,-2328931,-491100,-477385,-678,-1017
745,-185175,-184443,-2350403,-494400,-480692,-681,-1017
750,-187655,-186919,-2371875,-497700,-483974,-685,-1017
755,-190152,-189411,-2393347,-501000,-487256,-688,-1017
760,-192665,-191920,-2414819,-504300,-490564,-692,-1017
765,-195195,-194446,-2436291,-507600,-493897,-695,-1017
770,-197741,-196988,-2457763,-510900,-497179,-699,-1017
775,-200304,-199546,-2479235,-514200,-500462,-703,-1017
780,-202883,-202121,-2500707,-517500,-503769,-706,-1017
785,-205479,-204713,-2522179,-520800,-507077,-709,-1017
790,-208091,-207321,-2543651,-524100,-510385,-713,-1017
795,-210720,-209945,-2565123,-527400,-513667,-717,-1017
800,-213365,-212586,-2586595,-530700,-516974,-720,-1017
805,-216027,-215244,-2608067,-534000,-520282,-724,-1017
810,-218705,-217918,-2629539,-537300,-523590,-727,-1017
815,-221400,-220608,-2651011,-540600,-526872,-731,-1017
820,-224111,-223315,-2672483,-543900,-530179,-734,-1017
825,-226839,-226039,-2693955,-547200,-533487,-738,-1017
830,-229583,-228779,-2715427,-550500,-536769,-741,-1017
835,-232344,-231535,-2736899,-553800,-540077,-745,-1017
840,-235121,-234308,-2758371,-557100,-543385,-749,-1017
845,-237915,-237098,-2779843,-560400,-546692,-752,-1017
850,-240725,-239904,-2801315,-563700,-550000,-755,-1017
855,-243552,-242726,-2822787,-567000,-553282,-759,-1017
860,-246395,-245565,-2844259,-570300,-556564,-763,-1017
865,-249255,-248421,-2865731,-573600,-559872,-766,-1017
870,-252131,-251293,-2887203,-576900,-563179,-770,-1017
875,-255024,-254181,-2908675,-580200,-566487,-773,-1017
880,-257933,-257086,-2930147,-583500,-569769,-777,-1017
885,-260859,-260008,-2951619,-586800,-573077,-780,-1017
890,-263801,-262946,-2973091,-590100,-576385,-784,-1017
895,-266760,-265900,-2994563,-593400,-579667,-788,-1017
900,-269735,-268871,-3016035,-596700,-582974,-791,-1017
905,-272727,-271858,-3037507,-600000,-586256,-795,-1017
910,-275735,-274862,-3058979,-603300,-589564,-798,-1017
915,-278760,-277883,-3080451,-606600,-592872,-802,-1017
920,-281801,-280921,-3101923,-609900,-596205,-805,-1017
925,-284859,-283974,-3123395,-613200,-599487,-809,-1017
930,-287933,-287043,-3144867,-616500,-602769,-812,-1017
935,-291024,-290130,-3166339,-619800,-606077,-816,-1017
940,-294131,-293233,-3187811,-623100,-609385,-819,-1017
945,-297255,-296353,-3209283,-626400,-612692,-823,-1017
950,-300395,-299489,-3230755,-629700,-616000,-826,-1017
955,-303552,-302641,-3252227,-633000,-619282,-830,-1017
960,-306725,-305810,-3273699,-636300,-622564,-834,-1017
965,-309915,-308996,-3295171,-639600,-625897,-837,-1017
970,-313121,-312197,-3316643,-642900,-629179,-841,-1017
975,-316344,-315416,-3338115,-646200,-632487,-844,-1017
980,-319583,-318651,-3359587,-649500,-635769,-848,-1017
985,-322839,-321902,-3381059,-652800,-639051,-852,-1017
990,-326111,-325170,-3402531,-656100,-642359,-855,-1017
995,-329400,-328455,-3424003,-659400,-645692,-858,-1017
1000,-332705,-331756,-3445475,-662700,-648974,-862,-1017
1005,-336027,-335073,-3466947,-666000,-652256,-866,-1017
1010,-339365,-338407,-3488419,-669300,-655564,-869,-1017
1015,-342720,-341758,-3509891,-672600,-658872,-873,-1017
1020,-346091,-345125,-3531363,-675900,-662179,-876,-1017
1025,-349479,-348509,-3552835,-679200,-665487,-880,-1017
1030,-352883,-351908,-3574307,-682500,-668769,-883,-1017
1035,-356304,-355325,-3595779,-685800,-672077,-887,-1017
1040,-359741,-358758,-3617251,-689100,-675385,-890,-1017
1045,-363181,-362153,-3638723,-686295,-677282,-826,-1017
1050,-366604,-365445,-3660195,-682995,-676128,-861,-1017
1055,-370011,-368748,-3681667,-679695,-674821,-888,-1017
1060,-373401,-372118,-3703139,-676395,-674821,-889,-1017
1065,-376775,-375531,-3724611,-673095,-675487,-871,-1017
1070,-380132,-378930,-3746083,-669795,-675385,-853,-1017
1075,-383473,-382283,-3767555,-666495,-673667,-845,-1017
1080,-386797,-385593,-3789027,-663195,-670410,-847,-1017
1085,-390105,-388882,-3810499,-659895,-668359,-849,-1017
1090,-393396,-392164,-3831971,-656595,-668282,-847,-1017
1095,-396671,-395438,-3853443,-653295,-667205,-842,-1017
1100,-399929,-398699,-3874915,-649995,-664103,-839,-1017
1105,-403171,-401946,-3896387,-646695,-659821,-836,-1017
1110,-406396,-405178,-3917859,-643395,-655718,-833,-1017
1115,-409605,-408395,-3939331,-640095,-652487,-828,-1017
1120,-412797,-411595,-3960803,-636795,-649821,-823,-1017
1125,-415973,-414773,-3982275,-633495,-647051,-819,-1017
1130,-419132,-417933,-4003747,-630195,-643923,-816,-1017
1135,-422275,-421076,-4025219,-626895,-640615,-814,-1017
1140,-425401,-424206,-4046691,-623595,-637333,-811,-1017
1145,-428511,-427321,-4068163,-620295,-634051,-807,-1017
1150,-431604,-430420,-4089635,-616995,-630692,-803,-1017
1155,-434680,-433502,-4111107,-613695,-627308,-799,-1017
1160,-437741,-436567,-4132579,-610395,-623974,-795,-1017
1165,-440784,-439614,-4154051,-607095,-620718,-792,-1017
1170,-443812,-442645,-4175523,-603795,-617513,-789,-1017
1175,-446822,-445660,-4196995,-600495,-614282,-785,-1017
1180,-449817,-448658,-4218467,-597195,-610974,-782,-1017
1185,-452794,-451640,-4239939,-593895,-607641,-778,-1017
1190,-455756,-454606,-4261411,-590595,-604308,-775,-1017
1195,-458700,-457555,-4282883,-587295,-601000,-771,-1017
1200,-461629,-460488,-4304355,-583995,-597692,-767,-1017
1205,-464540,-463404,-4325827,-580695,-594410,-764,-1017
1210,-467435,-466303,-4347299,-577395,-591128,-760,-1017
1215,-470314,-469186,-4368771,-574095,-587821,-757,-1017
1220,-473176,-472052,-4390243,-570795,-584513,-753,-1017
1225,-476022,-474902,-4411715,-567495,-581205,-750,-1017
1230,-478851,-477736,-4433187,-564195,-577923,-746,-1017
1235,-481664,-480553,-4454659,-560895,-574615,-743,-1017
1240,-484460,-483354,-4476131,-557595,-571333,-739,-1017
1245,-487240,-486138,-4497603,-554295,-568026,-735,-1017
1250,-490003,-488905,-4519075,-550995,-564718,-732,-1017
1255,-492750,-491656,-4540547,-547695,-561410,-729,-1017
1260,-495480,-494391,-4562019,-544395,-558128,-725,-1017
1265,-498194,-497109,-4583491,-541095,-554821,-721,-1017
1270,-500891,-499810,-4604963,-537795,-551513,-718,-1017
1275,-503572,-502495,-4626435,-534495,-548205,-714,-1017
1280,-506236,-505164,-4647907,-531195,-544923,-711,-1017
1285,-508884,-507816,-4669379,-527895,-541641,-707,-1017
1290,-511515,-510451,-4690851,-524595,-538308,-704,-1017
1295,-514130,-513070,-4712323,-521295,-535026,-700,-1017
1300,-516728,-515673,-4733795,-517995,-531718,-696,-1017
1305,-519310,-518259,-4755267,-514695,-528436,-693,-1017
1310,-521875,-520828,-4776739,-511395,-525128,-689,-1017
1315,-524424,-523381,-4798211,-508095,-521821,-686,-1017
1320,-526956,-525918,-4819683,-504795,-518513,-682,-1017
1325,-529472,-528438,-4841155,-501495,-515231,-679,-1017
1330,-531971,-530941,-4862627,-498195,-511923,-675,-1017
1335,-534454,-533428,-4884099,-494895,-508615,-672,-1017
1340,-536920,-535899,-4905571,-491595,-505333,-668,-1017
1345,-539370,-538353,-4927043,-488295,-502026,-665,-1017
1350,-541803,-540790,-4948515,-484995,-498718,-661,-1017
1355,-544220,-543212,-4969987,-481695,-495436,-657,-1017
1360,-546620,-545616,-4991459,-478395,-492128,-654,-1017
1365,-549003,-548004,-5012931,-475095,-488821,-650,-1017
1370,-551371,-550375,-5034403,-471795,-485513,-647,-1017
1375,-553721,-552730,-5055875,-468495,-482231,-643,-1017
1380,-556056,-555069,-5077347,-465195,-478923,-640,-1017
1385,-558373,-557391,-5098819,-461895,-475615,-636,-1017
1390,-560675,-559696,-5120291,-458595,-472308,-633,-1017
1395,-562959,-561985,-5141763,-455295,-469000,-629,-1017
1400,-565228,-564258,-5163235,-451995,-465718,-625,-1017
1405,-567479,-566514,-5184707,-448695,-462436,-622,-1017
1410,-569714,-568753,-5206179,-445395,-459128,-619,-1017
1415,-571933,-570976,-5227651,-442095,-455821,-615,-1017
1420,-574135,-573183,-5249123,-438795,-452513,-611,-1017
1425,-576321,-575373,-5270595,-435495,-449231,-608,-1017
1430,-578490,-577547,-5292067,-432195,-445923,-604,-1017
1435,-580643,-579703,-5313539,-428895,-442615,-601,-1017
1440,-582779,-581844,-5335011,-425595,-439333,-597,-1017
1445,-584899,-583968,-5356483,-422295,-436026,-594,-1017
1450,-587002,-586075,-5377955,-418995,-432718,-590,-1017
1455,-589089,-588166,-5399427,-415695,-429410,-587,-1017
1460,-591159,-590241,-5420899,-412395,-426128,-583,-1017
1465,-593213,-592299,-5442371,-409095,-422821,-579,-1017
1470,-595250,-594340,-5463843,-405795,-419513,-576,-1017
1475,-597271,-596365,-5485315,-402495,-416205,-573,-1017
1480,-599275,-598374,-5506787,-399195,-412923,-569,-1017
1485,-601263,-600366,-5528259,-395895,-409615,-565,-1017
1490,-603234,-602341,-5549731,-392595,-406308,-562,-1017
1495,-605189,-604300,-5571203,-389295,-403000,-558,-1017
1500,-607127,-606243,-5592675,-385995,-399718,-555,-1017
1505,-609049,-608169,-5614147,-382695,-396410,-551,-1017
1510,-610954,-610079,-5635619,-379395,-393128,-547,-1017
1515,-612843,-611972,-5657091,-376095,-389846,-544,-1017
1520,-614715,-613848,-5678563,-372795,-386513,-540,-1017
1525,-616571,-615708,-5700035,-369495,-383231,-537,-1017
1530,-618410,-617551,-5721507,-366195,-379897,-533,-1017
1535,-620233,-619379,-5742979,-362895,-376641,-530,-1017
1540,-622039,-621189,-5764451,-359595,-373333,-526,-1017
1545,-623829,-622983,-5785923,-356295,-370026,-523,-1017
1550,-625602,-624761,-5807395,-352995,-366718,-519,-1017
1555,-627359,-626521,-5828867,-349695,-363410,-516,-1017
1560,-629099,-628266,-5850339,-346395,-360128,-512,-1017
1565,-630822,-629994,-5871811,-343095,-356821,-509,-1017
1570,-632530,-631706,-5893283,-339795,-353538,-505,-1017
1575,-634220,-633400,-5914755,-336495,-350205,-502,-1017
1580,-635895,-635079,-5936227,-333195,-346923,-498,-1017
1585,-637552,-636741,-5957699,-329895,-343615,-494,-1017
1590,-639194,-638386,-5979171,-326595,-340308,-491,-1017
1595,-640818,-640015,-6000643,-323295,-337000,-487,-1017
1600,-642427,-641628,-6022115,-319995,-333718,-484,-1017
1605,-644018,-643224,-6043587,-316695,-330410,-480,-1017
1610,-645594,-644804,-6065059,-313395,-327128,-476,-1017
1615,-647152,-646367,-6086531,-310095,-323846,-473,-1017
1620,-648694,-647913,-6108003,-306795,-320513,-469,-1017
1625,-650220,-649443,-6129475,-303495,-317231,-466,-1017
1630,-651729,-650957,-6150947,-300195,-313923,-462,-1017
1635,-653222,-652454,-6172419,-296895,-310641,-459,-1017
1640,-654698,-653934,-6193891,-293595,-307308,-455,-1017
1645,-656158,-655398,-6215363,-290295,-304026,-452,-1017
1650,-657601,-656846,-6236835,-286995,-300718,-448,-1017
1655,-659028,-658277,-6258307,-283695,-297436,-445,-1017
1660,-660438,-659691,-6279779,-280395,-294128,-441,-1017
1665,-661832,-661089,-6301251,-277095,-290821,-438,-1017
1670,-663209,-662470,-6322723,-273795,-287513,-434,-1017
1675,-664570,-663836,-6344195,-270495,-284231,-430,-1017
1680,-665914,-665184,-6365667,-267195,-280923,-427,-1017
1685,-667242,-666516,-6387139,-263895,-277615,-423,-1017
1690,-668553,-667832,-6408611,-260595,-274333,-420,-1017
1695,-669848,-669130,-6430083,-257295,-271000,-417,-1017
1700,-671126,-670413,-6451555,-253995,-267718,-413,-1017
1705,-672388,-671679,-6473027,-250695,-264410,-409,-1017
1710,-673633,-672929,-6494499,-247395,-261128,-406,-1017
1715,-674862,-674161,-6515971,-244095,-257795,-402,-1017
1720,-676074,-675378,-6537443,-240795,-254513,-399,-1017
1725,-677270,-676578,-6558915,-237495,-251231,-395,-1017
1730,-678449,-677762,-6580387,-234195,-247923,-391,-1017
1735,-679612,-678929,-6601859,-230895,-244641,-388,-1017
1740,-680758,-680079,-6623331,-227595,-241308,-384,-1017
1745,-681888,-681213,-6644803,-224295,-238026,-381,-1017
1750,-683001,-682331,-6666275,-220995,-234718,-377,-1017
1755,-684098,-683432,-6687747,-217695,-231436,-374,-1017
1760,-685178,-684516,-6709219,-214395,-228103,-370,-1017
1765,-686242,-685584,-6730691,-211095,-224821,-367,-1017
1770,-687289,-686636,-6752163,-207795,-221513,-363,-1017
1775,-688319,-687671,-6773635,-204495,-218231,-360,-1017
1780,-689334,-688689,-6795107,-201195,-214923,-356,-1017
1785,-690331,-689691,-6816579,-197895,-211615,-353,-1017
1790,-691313,-690677,-6838051,-194595,-208333,-349,-1017
1795,-692277,-691646,-6859523,-191295,-205026,-345,-1017
1800,-693226,-692598,-6880995,-187995,-201718,-342,-1017
1805,-694157,-693534,-6902467,-184695,-198410,-338,-1017
1810,-695073,-694454,-6923939,-181395,-195128,-335,-1017
1815,-695971,-695357,-6945411,-178095,-191821,-331,-1017
1820,-696854,-696243,-6966883,-174795,-188513,-328,-1017
1825,-697719,-697113,-6988355,-171495,-185231,-324,-1017
1830,-698568,-697967,-7009827,-168195,-181923,-320,-1017
1835,-699401,-698803,-7031299,-164895,-178590,-317,-1017
1840,-700217,-699624,-7052771,-161595,-175308,-314,-1017
1845,-701017,-700428,-7074243,-158295,-172026,-310,-1017
1850,-701800,-701216,-7095715,-154995,-168744,-306,-1017
1855,-702567,-701987,-7117187,-151695,-165436,-303,-1017
1860,-703317,-702741,-7138659,-148395,-162128,-299,-1017
1865,-704051,-703479,-7160131,-145095,-158795,-296,-1017
1870,-704768,-704201,-7181603,-141795,-155513,-292,-1017
1875,-705469,-704906,-7203075,-138495,-152231,-289,-1017
1880,-706153,-705594,-7224547,-135195,-148923,-285,-1017
1885,-706821,-706266,-7246019,-131895,-145615,-282,-1017
1890,-707472,-706922,-7267491,-128595,-142333,-278,-1017
1895,-708107,-707561,-7288963,-125295,-139026,-274,-1017
1900,-708725,-708183,-7310435,-121995,-135718,-271,-1017
1905,-709327,-708789,-7331907,-118695,-132410,-268,-1017
1910,-709912,-709379,-7353379,-115395,-129128,-264,-1017
1915,-710481,-709952,-7374851,-112095,-125821,-260,-1017
1920,-711033,-710508,-7396323,-108795,-122513,-257,-1017
1925,-711569,-711048,-7417795,-105495,-119231,-253,-1017
1930,-712088,-711572,-7439267,-102195,-115923,-250,-1017
1935,-712591,-712079,-7460739,-98895,-112615,-246,-1017
1940,-713077,-712569,-7482211,-95595,-109308,-243,-1017
1945,-713547,-713043,-7503683,-92295,-106026,-239,-1017
1950,-714000,-713501,-7525155,-88995,-102718,-235,-1017
1955,-714437,-713942,-7546627,-85695,-99410,-232,-1017
1960,-714857,-714366,-7568099,-82395,-96128,-228,-1017
1965,-715261,-714774,-7589571,-79095,-92821,-225,-1017
1970,-715648,-715165,-7611043,-75795,-89513,-221,-1017
1975,-716019,-715541,-7632515,-72495,-86231,-218,-1017
1980,-716373,-715899,-7653987,-69195,-82923,-214,-1017
1985,-716710,-716241,-7675459,-65895,-79615,-211,-1017
1990,-717032,-716567,-7696931,-62595,-76333,-207,-1017
1995,-717336,-716876,-7718403,-59295,-73026,-203,-1017
2000,-717625,-717168,-7739875,-55995,-69718,-200,-1017
2005,-717896,-717444,-7761347,-52695,-66410,-197,-1017
2010,-718152,-717704,-7782819,-49395,-63128,-193,-1017
2015,-718390,-717946,-7804291,-46095,-59795,-190,-1017
2020,-718613,-718173,-7825763,-42795,-56513,-186,-1017
2025,-718818,-718384,-7847235,-39495,-53231,-182,-1017
2030,-719008,-718577,-7868707,-36195,-49923,-179,-1017
2035,-719180,-718754,-7890179,-32895,-46641,-175,-1017
2040,-719336,-718914,-7911651,-29595,-43308,-172,-1017
2045,-719476,-719058,-7933123,-26295,-40000,-168,-1017
2050,-719599,-719185,-7954595,-22995,-36718,-165,-1017
2055,-719706,-719297,-7976067,-19695,-33436,-161,-1017
2060,-719796,-719391,-7997539,-16395,-30103,-158,-1017
2065,-719870,-719469,-8019011,-13095,-26795,-154,-1017
2070,-719927,-719541,-8040483,-9795,-23769,-161,-1017
2075,-719968,-719614,-8061955,-6495,-21205,-149,-1017
2080,-719992,-719674,-8083427,-3195,-18718,-136,-1017
2085,-720000,-719727,-8104899,0,-16462,-83,-1017
2090,-720000,-719762,-8126371,0,-14179,-73,-1017
2095,-720000,-719791,-8147843,0,-12154,-64,-1017
2100,-720000,-719816,-8169315,0,-10462,-56,-1017
2105,-720000,-719839,-8190787,0,-9128,-49,-1017
2110,-720000,-719859,-8212259,0,-7769,-43,-1017
2115,-720000,-719876,-8233731,0,-6385,-38,-1017
2120,-720000,-719892,-8255203,0,-5308,-34,-1017
2125,-720000,-719905,-8276675,0,-4333,-30,-1017
2130,-720000,-719918,-8298147,0,-3846,-26,-1017
2135,-720000,-719928,-8319619,0,-3385,-23,-1017
2140,-720000,-719938,-8341091,0,-3000,-20,-1017
2145,-720000,-719946,-8362563,0,-2641,-17,-1017
2150,-720000,-719953,-8384035,0,-2333,-15,-1017
2155,-720000,-719960,-8405507,0,-2077,-13,-1017
2160,-720000,-719966,-8426979,0,-1821,-11,-1017
2165,-720000,-719971,-8448451,0,-1615,-10,-1017
2170,-720000,-719975,-8469923,0,-1410,-9,-1017
2175,-720000,-719979,-8491395,0,-1256,-7,-1017
2180,-720000,-719983,-8512867,0,-1128,-6,-1017
2185,-720000,-719986,-8534339,0,-974,-5,-1017
2190,-720000,-719989,-8555811,0,-872,-4,-1017
2195,-720000,-719991,-8577283,0,-769,-4,-1017
2200,-720000,-719993,-8598755,0,-667,-3,-1017
2205,-720000,-719995,-8620227,0,-590,-3,-1017
2210,-720000,-719997,-8641699,0,-538,-2,-1017
2215,-720000,-719998,-8663171,0,-462,-2,-1017
2220,-720000,-719999,-8684643,0,-385,-1,-1017
2225,-720000,-720000,-8706115,0,-333,-1,-1017
2230,-720000,-720002,-8727587,0,-333,-1,-1017
2235,-720000,-720003,-8749059,0,-282,0,-1017
2240,-720000,-720004,-8770531,0,-256,0,-1017
2245,-720000,-720004,-8792003,0,-231,0,-1017
2250,-720000,-720005,-8811540,0,-205,0,19508
2255,-720000,-720005,-8825763,0,-154,0,17235
2260,-720000,-720005,-8835043,0,-128,0,14981
2265,-720000,-720006,-8839989,0,-128,1,13002
2270,-720000,-720006,-8841138,0,-103,1,11269
2275,-720000,-720006,-8839475,0,-77,1,10055
2280,-720000,-720007,-8835358,0,-77,1,8935
2285,-720000,-720007,-8829091,0,-77,1,7954
2290,-720000,-720007,-8820939,0,-51,1,7094
2295,-720000,-720007,-8811137,0,-51,1,6340
2300,-720000,-720007,-8799889,0,-51,1,5679
2305,-720000,-720007,-8787374,0,-26,1,5102
2310,-720000,-720007,-8773750,0,-26,1,4595
2315,-720000,-720007,-8759154,0,-26,1,4151
2320,-720000,-720007,-8743706,0,0,1,3762
2325,-720000,-720007,-8727512,0,0,1,3422
2330,-720000,-720007,-8710664,0,0,1,3123
2335,-720000,-720007,-8693244,0,0,1,2862
2340,-720000,-720007,-8675322,0,0,1,2632
2345,-720000,-720007,-8656960,0,0,1,2432
2350,-720000,-720007,-8638213,0,0,1,2256
2355,-720000,-720007,-8619130,0,0,1,2102
2360,-720000,-720007,-8599752,0,0,1,1967
2365,-720000,-720007,-8580115,0,0,1,1849
2370,-720000,-720007,-8560251,0,0,1,1746
2375,-720000,-720007,-8540188,0,0,1,1655
2380,-720000,-720007,-8519951,0,0,1,1575
2385,-720000,-720007,-8499562,0,0,1,1506
2390,-720000,-720007,-8479040,0,0,1,1445
2395,-720000,-720007,-8458401,0,0,1,1392
2400,-720000,-720007,-8437659,0,0,1,1345
2405,-720000,-720007,-8416827,0,0,1,1304
2410,-720000,-720007,-8395917,0,0,1,1268
2415,-720000,-720007,-8374938,0,0,1,1237
2420,-720000,-720007,-8353898,0,0,1,1209
2425,-720000,-720007,-8332805,0,0,1,1185
2430,-720000,-720007,-8311666,0,0,1,1164
2435,-720000,-720007,-8290486,0,0,1,1145
2440,-720000,-720007,-8269271,0,0,1,1129
2445,-720000,-720007,-8248025,0,0,1,1115
2450,-720000,-720007,-8226752,0,0,1,1102
2455,-720000,-720007,-8205454,0,0,1,1091
2460,-720000,-720007,-8184136,0,0,1,1082
2465,-720000,-720007,-8162799,0,0,1,1073
2470,-720000,-720007,-8141447,0,0,1,1066
2475,-720000,-720007,-8120080,0,0,1,1060
2480,-720000,-720007,-8098701,0,0,1,1054
2485,-720000,-720007,-8077311,0,0,1,1049
2490,-720000,-720007,-8055912,0,0,1,1045
2495,-720000,-720007,-8034505,0,0,1,1041
2500,-720000,-720007,-8013090,0,0,1,1038
2505,-720000,-720007,-7991669,0,0,1,1035
2510,-720000,-720007,-7970242,0,0,1,1032
2515,-720000,-720007,-7948810,0,0,1,1030
2520,-720000,-720007,-7927374,0,0,1,1028
2525,-720000,-720007,-7905935,0,0,1,1026
2530,-720000,-720007,-7884492,0,0,1,1025
2535,-720000,-720007,-7863046,0,0,1,1023
2540,-720000,-720007,-7841598,0,0,1,1022
2545,-720000,-720007,-7820148,0,0,1,1021
2550,-720000,-720007,-7798696,0,0,1,1020
2555,-720000,-720007,-7777242,0,0,1,1020
2560,-720000,-720007,-7755786,0,0,1,1019
2565,-720000,-720007,-7734329,0,0,1,1018
2570,-720000,-720007,-7712871,0,0,1,1018
2575,-720000,-720007,-7691412,0,0,1,1017
2580,-720000,-720007,-7669952,0,0,1,1017
2585,-720000,-720007,-7648491,0,0,1,1017
2590,-720000,-720007,-7627029,0,0,1,1016
2595,-720000,-720007,-7605567,0,0,1,1016
2600,-720000,-720007,-7584104,0,0,1,1016
2605,-720000,-720007,-7562641,0,0,1,1016
2610,-720000,-720007,-7541177,0,0,1,1015
2615,-720000,-720007,-7519713,0,0,1,1015
2620,-720000,-720007,-7498249,0,0,1,1015
2625,-720000,-720007,-7476785,0,0,1,1015
2630,-720000,-720007,-7455320,0,0,1,1015
2635,-720000,-720007,-7433855,0,0,1,1015
2640,-720000,-720007,-7412390,0,0,1,1015
2645,-720000,-720007,-7390925,0,0,1,1015
2650,-720000,-720007,-7369460,0,0,1,1015
2655,-720000,-720007,-7347994,0,0,1,1014
2660,-720000,-720007,-7326528,0,0,1,1014
2665,-720000,-720007,-7305062,0,0,1,1014
2670,-720000,-720007,-7283596,0,0,1,1014
2675,-720000,-720007,-7262130,0,0,1,1014
2680,-720000,-720007,-7240664,0,0,1,1014
2685,-720000,-720007,-7219198,0,0,1,1014
2690,-720000,-720007,-7197732,0,0,1,1014
2695,-720000,-720007,-7176266,0,0,1,1014
2700,-720000,-720007,-7154800,0,0,1,1014
2705,-720000,-720007,-7133334,0,0,1,1014
2710,-720000,-720007,-7111868,0,0,1,1014
2715,-720000,-720007,-7090402,0,0,1,1014
2720,-720000,-720007,-7068936,0,0,1,1014
2725,-720000,-720007,-7047470,0,0,1,1014
2730,-720000,-720007,-7026004,0,0,1,1014
2735,-720000,-720007,-7004538,0,0,1,1014
2740,-720000,-720007,-6983072,0,0,1,1014
2745,-720000,-720007,-6961606,0,0,1,1014
2750,-720000,-720007,-6940140,0,0,1,1014
2755,-720000,-720007,-6918674,0,0,1,1014
2760,-720000,-720007,-6897208,0,0,1,1014
2765,-720000,-720007,-6875742,0,0,1,1014
2770,-720000,-720007,-6854276,0,0,1,1014
2775,-720000,-720007,-6832810,0,0,1,1014
2780,-720000,-720007,-6811344,0,0,1,1014
2785,-720000,-720007,-6789878,0,0,1,1014
2790,-720000,-720007,-6768412,0,0,1,1014
2795,-720000,-720007,-6746946,0,0,1,1014
2800,-720000,-720007,-6725480,0,0,1,1014
2805,-720000,-720007,-6704014,0,0,1,1014
2810,-720000,-720007,-6682548,0,0,1,1014
2815,-720000,-720007,-6661082,0,0,1,1014
2820,-720000,-720007,-6639616,0,0,1,1014
2825,-720000,-720007,-6618150,0,0,1,1014
2830,-720000,-720007,-6596684,0,0,1,1014
2835,-720000,-720007,-6575218,0,0,1,1014
2840,-720000,-720007,-6553752,0,0,1,1014
2845,-720000,-720007,-6532286,0,0,1,1014
2850,-720000,-720007,-6510820,0,0,1,1014
2855,-720000,-720007,-6489354,0,0,1,1014
2860,-720000,-720007,-6467888,0,0,1,1014
2865,-720000,-720007,-6446422,0,0,1,1014
2870,-720000,-720007,-6424956,0,0,1,1014
2875,-720000,-720007,-6403490,0,0,1,1014
2880,-720000,-720007,-6382024,0,0,1,1014
2885,-720000,-720007,-6360558,0,0,1,1014
2890,-720000,-720007,-6339092,0,0,1,1014
2895,-720000,-720007,-6317626,0,0,1,1014
2900,-720000,-720007,-6296160,0,0,1,1014
2905,-720000,-720007,-6274694,0,0,1,1014
2910,-720000,-720007,-6253228,0,0,1,1014
2915,-720000,-720007,-6231762,0,0,1,1014
2920,-720000,-720007,-6210296,0,0,1,1014
2925,-720000,-720007,-6188830,0,0,1,1014
2930,-720000,-720007,-6167364,0,0,1,1014
2935,-720000,-720007,-6145898,0,0,1,1014
2940,-720000,-720007,-6124432,0,0,1,1014
2945,-720000,-720007,-6102966,0,0,1,1014
2950,-720000,-720007,-6081500,0,0,1,1014
2955,-720000,-720007,-6060034,0,0,1,1014
2960,-720000,-720007,-6038568,0,0,1,1014
2965,-720000,-720007,-6017102,0,0,1,1014
2970,-720000,-720007,-5995636,0,0,1,1014
2975,-720000,-720007,-5974170,0,0,1,1014
2980,-720000,-720007,-5952704,0,0,1,1014
2985,-720000,-720007,-5931238,0,0,1,1014
2990,-720000,-720007,-5909772,0,0,1,1014
2995,-720000,-720007,-5888306,0,0,1,1014
3000,-720000,-720007,-5866840,0,0,1,1014
3005,-720000,-720007,-5845374,0,0,1,1014
3010,-720000,-720007,-5823908,0,0,1,1014
3015,-720000,-720007,-5802442,0,0,1,1014
3020,-720000,-720007,-5780976,0,0,1,1014
3025,-720000,-720007,-5759510,0,0,1,1014
3030,-720000,-720007,-5738044,0,0,1,1014
3035,-720000,-720007,-5716578,0,0,1,1014
3040,-720000,-720007,-5695112,0,0,1,1014
3045,-720000,-720007,-5673646,0,0,1,1014
3050,-720000,-720007,-5652180,0,0,1,1014
3055,-720000,-720007,-5630714,0,0,1,1014
3060,-720000,-720007,-5609248,0,0,1,1014
3065,-720000,-720007,-5587782,0,0,1,1014
3070,-720000,-720007,-5566316,0,0,1,1014
3075,-720000,-720007,-5544850,0,0,1,1014
3080,-720000,-720007,-5523384,0,0,1,1014
3085,-720000,-720007,-5501918,0,0,1,1014
3090,-720000,-720007,-5480452,0,0,1,1014
3095,-720000,-720007,-5458986,0,0,1,1014
3100,-720000,-720007,-5437520,0,0,1,1014
3105,-720000,-720007,-5416054,0,0,1,1014
3110,-720000,-720007,-5394588,0,0,1,1014
3115,-720000,-720007,-5373122,0,0,1,1014
3120,-720000,-720007,-5351656,0,0,1,1014
3125,-720000,-720007,-5330190,0,0,1,1014
3130,-720000,-720007,-5308724,0,0,1,1014
3135,-720000,-720007,-5287258,0,0,1,1014
3140,-720000,-720007,-5265792,0,0,1,1014
3145,-720000,-720007,-5244326,0,0,1,1014
3150,-720000,-720007,-5222860,0,0,1,1014
3155,-720000,-720007,-5201394,0,0,1,1014
3160,-720000,-720007,-5179928,0,0,1,1014
3165,-720000,-720007,-5158462,0,0,1,1014
3170,-720000,-720007,-5136996,0,0,1,1014
3175,-720000,-720007,-5115530,0,0,1,1014
3180,-720000,-720007,-5094064,0,0,1,1014
3185,-720000,-720007,-5072598,0,0,1,1014
3190,-720000,-720007,-5051132,0,0,1,1014
3195,-720000,-720007,-5029666,0,0,1,1014
3200,-720000,-720007,-5008200,0,0,1,1014
3205,-720000,-720007,-4986734,0,0,1,1014
3210,-720000,-720007,-4965268,0,0,1,1014
3215,-720000,-720007,-4943802,0,0,1,1014
3220,-720000,-720007,-4922336,0,0,1,1014
3225,-720000,-720007,-4900870,0,0,1,1014
3230,-720000,-720007,-4879404,0,0,1,1014
3235,-720000,-720007,-4857938,0,0,1,1014
3240,-720000,-720007,-4836472,0,0,1,1014
3245,-720000,-720007,-4815006,0,0,1,1014
3250,-720000,-720007,-4793540,0,0,1,1014
3255,-720000,-720007,-4772074,0,0,1,1014
3260,-720000,-720007,-4750608,0,0,1,1014
3265,-720000,-720007,-4729142,0,0,1,1014
3270,-720000,-720007,-4707676,0,0,1,1014
3275,-720000,-720007,-4686210,0,0,1,1014
3280,-720000,-720007,-4664744,0,0,1,1014
3285,-720000,-720007,-4643278,0,0,1,1014
3290,-720000,-720007,-4621812,0,0,1,1014
3295,-720000,-720007,-4600346,0,0,1,1014
3300,-720000,-720007,-4578880,0,0,1,1014
3305,-720000,-720007,-4557414,0,0,1,1014
3310,-720000,-720007,-4535948,0,0,1,1014
3315,-720000,-720007,-4514482,0,0,1,1014
3320,-720000,-720007,-4493016,0,0,1,1014
3325,-720000,-720007,-4471550,0,0,1,1014
3330,-720000,-720007,-4450084,0,0,1,1014
3335,-720000,-720007,-4428618,0,0,1,1014
3340,-720000,-720007,-4407152,0,0,1,1014
3345,-720000,-720007,-4385686,0,0,1,1014
3350,-720000,-720007,-4364220,0,0,1,1014
3355,-720000,-720007,-4342754,0,0,1,1014
3360,-720000,-720007,-4321288,0,0,1,1014
3365,-720000,-720007,-4299822,0,0,1,1014
3370,-720000,-720007,-4278356,0,0,1,1014
3375,-720000,-720007,-4256890,0,0,1,1014
3380,-720000,-720007,-4235424,0,0,1,1014
3385,-720000,-720007,-4213958,0,0,1,1014
3390,-720000,-720007,-4192492,0,0,1,1014
3395,-720000,-720007,-4171026,0,0,1,1014
3400,-720000,-720007,-4149560,0,0,1,1014
3405,-720000,-720007,-4128094,0,0,1,1014
3410,-720000,-720007,-4106628,0,0,1,1014
3415,-720000,-720007,-4085162,0,0,1,1014
3420,-720000,-720007,-4063696,0,0,1,1014
3425,-720000,-720007,-4042230,0,0,1,1014
3430,-720000,-720007,-4020764,0,0,1,1014
3435,-720000,-720007,-3999298,0,0,1,1014
3440,-720000,-720007,-3977832,0,0,1,1014
3445,-720000,-720007,-3956366,0,0,1,1014
3450,-720000,-720007,-3934900,0,0,1,1014
3455,-720000,-720007,-3913434,0,0,1,1014
3460,-720000,-720007,-3891968,0,0,1,1014
3465,-720000,-720007,-3870502,0,0,1,1014
3470,-720000,-720007,-3849036,0,0,1,1014
3475,-720000,-720007,-3827570,0,0,1,1014
3480,-720000,-720007,-3806104,0,0,1,1014
3485,-720000,-720007,-3784638,0,0,1,1014
3490,-720000,-720007,-3763172,0,0,1,1014
3495,-720000,-720007,-3741706,0,0,1,1014
3500,-720000,-720007,-3720240,0,0,1,1014
3505,-720000,-720007,-3698774,0,0,1,1014
3510,-720000,-720007,-3677308,0,0,1,1014
3515,-720000,-720007,-3655842,0,0,1,1014
3520,-720000,-720007,-3634376,0,0,1,1014
3525,-720000,-720007,-3612910,0,0,1,1014
3530,-720000,-720007,-3591444,0,0,1,1014
3535,-720000,-720007,-3569978,0,0,1,1014
3540,-720000,-720007,-3548512,0,0,1,1014
3545,-720000,-720007,-3527046,0,0,1,1014
3550,-720000,-720007,-3505580,0,0,1,1014
3555,-720000,-720007,-3484114,0,0,1,1014
3560,-720000,-720007,-3462648,0,0,1,1014
3565,-720000,-720007,-3441182,0,0,1,1014
3570,-720000,-720007,-3419716,0,0,1,1014
3575,-720000,-720007,-3398250,0,0,1,1014
3580,-720000,-720007,-3376784,0,0,1,1014
3585,-720000,-720007,-3355318,0,0,1,1014
3590,-720000,-720007,-3333852,0,0,1,1014
3595,-720000,-720007,-3312386,0,0,1,1014
3600,-720000,-720007,-3290920,0,0,1,1014
3605,-720000,-720007,-3269454,0,0,1,1014
3610,-720000,-720007,-3247988,0,0,1,1014
3615,-720000,-720007,-3226522,0,0,1,1014
3620,-720000,-720007,-3205056,0,0,1,1014
3625,-720000,-720007,-3183590,0,0,1,1014
3630,-720000,-720007,-3162124,0,0,1,1014
3635,-720000,-720007,-3140658,0,0,1,1014
3640,-720000,-720007,-3119192,0,0,1,1014
3645,-720000,-720007,-3097726,0,0,1,1014
3650,-720000,-720007,-3076260,0,0,1,1014
3655,-720000,-720007,-3054794,0,0,1,1014
3660,-720000,-720007,-3033328,0,0,1,1014
3665,-720000,-720007,-3011862,0,0,1,1014
3670,-720000,-720007,-2990396,0,0,1,1014
3675,-720000,-720007,-2968930,0,0,1,1014
3680,-720000,-720007,-2947464,0,0,1,1014
3685,-720000,-720007,-2925998,0,0,1,1014
3690,-720000,-720007,-2904532,0,0,1,1014
3695,-720000,-720007,-2883066,0,0,1,1014
3700,-720000,-720007,-2861600,0,0,1,1014
3705,-720000,-720007,-2840134,0,0,1,1014
3710,-720000,-720007,-2818668,0,0,1,1014
3715,-720000,-720007,-2797202,0,0,1,1014
3720,-720000,-720007,-2775736,0,0,1,1014
3725,-720000,-720007,-2754270,0,0,1,1014
3730,-720000,-720007,-2732804,0,0,1,1014
3735,-720000,-720007,-2711338,0,0,1,1014
3740,-720000,-720007,-2689872,0,0,1,1014
3745,-720000,-720007,-2668406,0,0,1,1014
3750,-720000,-720007,-2646940,0,0,1,1014
3755,-720000,-720007,-2625474,0,0,1,1014
3760,-720000,-720007,-2604008,0,0,1,1014
3765,-720000,-720007,-2582542,0,0,1,1014
3770,-720000,-720007,-2561076,0,0,1,1014
3775,-720000,-720007,-2539610,0,0,1,1014
3780,-720000,-720007,-2518144,0,0,1,1014
3785,-720000,-720007,-2496678,0,0,1,1014
3790,-720000,-720007,-2475212,0,0,1,1014
3795,-720000,-720007,-2453746,0,0,1,1014
3800,-720000,-720007,-2432280,0,0,1,1014
3805,-720000,-720007,-2410814,0,0,1,1014
3810,-720000,-720007,-2389348,0,0,1,1014
3815,-720000,-720007,-2367882,0,0,1,1014
3820,-720000,-720007,-2346416,0,0,1,1014
3825,-720000,-720007,-2324950,0,0,1,1014
3830,-720000,-720007,-2303484,0,0,1,1014
3835,-720000,-720007,-2282018,0,0,1,1014
3840,-720000,-720007,-2260552,0,0,1,1014
3845,-720000,-720007,-2239086,0,0,1,1014
3850,-720000,-720007,-2217620,0,0,1,1014
3855,-720000,-720007,-2196154,0,0,1,1014
3860,-720000,-720007,-2174688,0,0,1,1014
3865,-720000,-720007,-2153222,0,0,1,1014
3870,-720000,-720007,-2131756,0,0,1,1014
3875,-720000,-720007,-2110290,0,0,1,1014
3880,-720000,-720007,-2088824,0,0,1,1014
3885,-720000,-720007,-2067358,0,0,1,1014
3890,-720000,-720007,-2045892,0,0,1,1014
3895,-720000,-720007,-2024426,0,0,1,1014
3900,-720000,-720007,-2002960,0,0,1,1014
3905,-720000,-720007,-1981494,0,0,1,1014
3910,-720000,-720007,-1960028,0,0,1,1014
3915,-720000,-720007,-1938562,0,0,1,1014
3920,-720000,-720007,-1917096,0,0,1,1014
3925,-720000,-720007,-1895630,0,0,1,1014
3930,-720000,-720007,-1874164,0,0,1,1014
3935,-720000,-720007,-1852698,0,0,1,1014
3940,-720000,-720007,-1831232,0,0,1,1014
3945,-720000,-720007,-1809766,0,0,1,1014
3950,-720000,-720007,-1788300,0,0,1,1014
3955,-720000,-720007,-1766834,0,0,1,1014
3960,-720000,-720007,-1745368,0,0,1,1014
3965,-720000,-720007,-1723902,0,0,1,1014
3970,-720000,-720007,-1702436,0,0,1,1014
3975,-720000,-720007,-1680970,0,0,1,1014
3980,-720000,-720007,-1659504,0,0,1,1014
3985,-720000,-720007,-1638038,0,0,1,1014
3990,-720000,-720007,-1616572,0,0,1,1014
3995,-720000,-720007,-1595106,0,0,1,1014
TRACE END
