TRACE BEGIN axis=1 rows=800 kp=0.0003 ki=8e-07 kv=1e-06 kd=0 kff=0 ff=1 pwm=25000 target=-720 duration=4 vmax=1100 accel=2200 vscale=1 ascale=0.5 vsrc=1 vwin=40 valpha=0.05
t_ms,ref_mdeg,enc_mdeg,hat_mdeg,vref_mdegs,what_mdegs,duty_milli,cur_01ma
0,0,0,0,0,0,-59,0
5,-14,-42,-54,-5500,-1077,-127,-570
10,-55,-94,-196,-11000,-2410,-127,-799
15,-173,-151,-363,-19526,-3872,-152,-868
20,-285,-215,-550,-25026,-5513,-170,-986
25,-424,-302,-761,-30526,-7744,-189,-1109
30,-590,-441,-1010,-36026,-11308,-201,-1213
35,-784,-636,-1321,-41526,-16308,-204,-1254
40,-1005,-870,-1702,-47026,-22256,-204,-1244
45,-1254,-1125,-2149,-52526,-27487,-206,-1221
50,-1530,-1395,-2657,-58026,-33103,-212,-1216
55,-1834,-1685,-3229,-63526,-39026,-220,-1238
60,-2166,-2002,-3869,-69026,-45462,-228,-1272
65,-2525,-2351,-4588,-74526,-51949,-235,-1300
70,-2911,-2732,-5392,-80026,-57846,-240,-1317
75,-3325,-3142,-6286,-85526,-63128,-245,-1328
80,-3766,-3578,-7271,-91026,-68179,-250,-1337
85,-4235,-4040,-8353,-96526,-73385,-256,-1352
90,-4732,-4528,-9533,-102026,-78897,-263,-1370
95,-5255,-5044,-10818,-107526,-84564,-269,-1390
100,-5807,-5588,-12218,-113026,-90231,-275,-1457
105,-6386,-6160,-13757,-118526,-95769,-281,-1582
110,-6992,-6760,-15470,-124026,-101231,-286,-1712
115,-7626,-7387,-17394,-129526,-106667,-292,-1849
120,-8287,-8041,-19569,-135026,-112103,-298,-2003
125,-8976,-8723,-22040,-140526,-117615,-304,-2176
130,-9693,-9432,-24857,-146026,-123154,-310,-2374
135,-10436,-10169,-28079,-151526,-128692,-316,-2604
140,-11208,-10933,-31772,-157026,-134179,-322,-2870
145,-12007,-11724,-36015,-162526,-139641,-328,-3179
150,-12833,-12544,-40901,-168026,-145154,-334,-3542
155,-13687,-13391,-46535,-173526,-150641,-339,-3965
160,-14568,-14265,-53042,-179026,-156154,-345,-4461
165,-15477,-15167,-60570,-184526,-161667,-351,-5042
170,-16414,-16096,-69290,-190026,-167154,-357,-5722
175,-17377,-17053,-79373,-195526,-172667,-363,-6209
180,-18369,-18037,-90852,-201026,-178154,-369,-5580
185,-19388,-19049,-103570,-206526,-183667,-375,-5014
190,-20434,-20088,-117373,-212026,-189154,-381,-4519
195,-21508,-21155,-132127,-217526,-194667,-387,-4085
200,-22609,-22249,-147714,-223026,-200154,-393,-3705
205,-23738,-23371,-164031,-228526,-205641,-399,-3371
210,-24895,-24520,-180986,-234026,-211154,-405,-3080
215,-26079,-25697,-198501,-239526,-216667,-410,-2824
220,-27290,-26901,-216507,-245026,-222154,-416,-2600
225,-28529,-28133,-234943,-250526,-227667,-422,-2404
230,-29795,-29396,-253755,-256026,-233256,-427,-2232
235,-31089,-30699,-272897,-261526,-239154,-428,-2081
240,-32410,-32009,-292327,-267026,-244564,-458,-1949
245,-33759,-33363,-312010,-272526,-250359,-438,-1834
250,-35136,-34745,-331915,-278026,-256205,-440,-1733
255,-36540,-36127,-352015,-283526,-261308,-472,-1644
260,-37971,-37565,-372285,-289026,-267179,-474,-1566
265,-39430,-39037,-392704,-294526,-273179,-452,-1498
270,-40916,-40503,-413254,-300026,-278128,-483,-1438
275,-42430,-42014,-433918,-305526,-283436,-488,-1386
280,-43971,-43566,-454682,-311026,-289538,-488,-1341
285,-45540,-45140,-475534,-316526,-294846,-491,-1301
290,-47137,-46723,-496463,-322026,-300051,-499,-1265
295,-48761,-48335,-517459,-327526,-305795,-506,-1235
300,-50412,-49978,-538514,-333026,-310744,-513,-1208
305,-52091,-51653,-559621,-338526,-316000,-518,-1185
310,-53797,-53356,-580774,-344026,-321923,-522,-1164
315,-55531,-55085,-601966,-349526,-327256,-528,-1145
320,-57293,-56838,-623193,-355026,-332256,-534,-1129
325,-59081,-58618,-644450,-360526,-337513,-541,-1116
330,-60898,-60428,-665734,-366026,-343231,-547,-1104
335,-62742,-62266,-687041,-371526,-348846,-552,-1093
340,-64613,-64130,-708368,-377026,-354333,-558,-1083
345,-66512,-66022,-729714,-382526,-359769,-564,-1075
350,-68438,-67941,-751076,-388026,-365154,-570,-1068
355,-70392,-69887,-772451,-393526,-370615,-576,-1061
360,-72374,-71862,-793838,-399026,-376179,-582,-1057
365,-74382,-73864,-815236,-404526,-381692,-588,-1052
370,-76419,-75893,-836644,-410026,-387179,-594,-1047
375,-78483,-77950,-858059,-415526,-392667,-600,-1044
380,-80574,-80034,-879481,-421026,-398154,-606,-1040
385,-82693,-82146,-900910,-426526,-403667,-611,-1037
390,-84839,-84285,-922344,-432026,-409154,-617,-1035
395,-87013,-86452,-943783,-437526,-414667,-623,-1033
400,-89215,-88646,-965226,-443026,-420154,-629,-1031
405,-91443,-90868,-986673,-448526,-425641,-635,-1029
410,-93700,-93117,-1008122,-454026,-431128,-641,-1028
415,-95984,-95394,-1029574,-459526,-436641,-647,-1026
420,-98295,-97698,-1051029,-465026,-442154,-653,-1025
425,-100634,-100030,-1072486,-470526,-447667,-659,-1024
430,-103000,-102389,-1093945,-476026,-453154,-665,-1023
435,-105394,-104776,-1115406,-481526,-458641,-671,-1023
440,-107816,-107190,-1136868,-487026,-464154,-677,-1022
445,-110265,-109632,-1158331,-492526,-469641,-683,-1021
450,-112741,-112102,-1179795,-498026,-475179,-688,-1021
455,-115245,-114598,-1201260,-503526,-480641,-694,-1020
460,-117776,-117122,-1222726,-509026,-486128,-700,-1020
465,-120335,-119674,-1244193,-514526,-491641,-706,-1020
470,-122921,-122254,-1265661,-520026,-497154,-712,-1019
475,-125535,-124860,-1287129,-525526,-502641,-718,-1019
480,-128177,-127494,-1308598,-531026,-508128,-724,-1019
485,-130846,-130156,-1330067,-536526,-513641,-730,-1019
490,-133542,-132846,-1351537,-542026,-519154,-735,-1018
495,-136266,-135563,-1373007,-547526,-524667,-741,-1018
500,-139017,-138307,-1394477,-553026,-530154,-747,-1018
505,-141796,-141078,-1415948,-558526,-535641,-753,-1018
510,-144602,-143878,-1437419,-564026,-541154,-759,-1018
515,-147436,-146705,-1458890,-569526,-546667,-765,-1018
520,-150298,-149559,-1480361,-575026,-552154,-771,-1018
525,-153187,-152441,-1501832,-580526,-557667,-777,-1018
530,-156103,-155350,-1523304,-586026,-563154,-783,-1018
535,-159047,-158287,-1544776,-591526,-568667,-789,-1017
540,-162018,-161251,-1566248,-597026,-574154,-795,-1017
545,-165017,-164243,-1587720,-602526,-579667,-801,-1017
550,-168044,-167262,-1609192,-608026,-585154,-807,-1017
555,-171097,-170309,-1630664,-613526,-590667,-812,-1017
560,-174179,-173383,-1652136,-619026,-596154,-818,-1017
565,-177288,-176485,-1673608,-624526,-601667,-824,-1017
570,-180424,-179614,-1695080,-630026,-607154,-830,-1017
575,-183588,-182771,-1716552,-635526,-612667,-836,-1017
580,-186779,-185955,-1738024,-641026,-618154,-842,-1017
585,-189998,-189167,-1759496,-646526,-623641,-848,-1017
590,-193245,-192406,-1780968,-652026,-629154,-854,-1017
595,-196518,-195673,-1802440,-657526,-634641,-860,-1017
600,-199820,-198967,-1823912,-663026,-640154,-866,-1017
605,-203149,-202289,-1845384,-668526,-645641,-872,-1017
610,-206505,-205638,-1866856,-674026,-651154,-878,-1017
615,-209889,-209016,-1888328,-679526,-656667,-883,-1017
620,-213300,-212420,-1909800,-685026,-662179,-889,-1017
625,-216739,-215851,-1931272,-690526,-667641,-895,-1017
630,-220206,-219310,-1952744,-696026,-673154,-901,-1017
635,-223700,-222797,-1974216,-701526,-678641,-907,-1017
640,-227221,-226312,-1995688,-707026,-684179,-913,-1017
645,-230770,-229853,-2017160,-712526,-689641,-919,-1017
650,-234346,-233422,-2038632,-718026,-695128,-925,-1017
655,-237950,-237019,-2060104,-723526,-700641,-931,-1017
660,-241581,-240644,-2081576,-729026,-706154,-937,-1017
665,-245240,-244296,-2103048,-734526,-711667,-942,-1017
670,-248927,-247975,-2124520,-740026,-717179,-948,-1017
675,-252641,-251681,-2145992,-745526,-722641,-954,-1017
680,-256382,-255415,-2167464,-751026,-728128,-960,-1017
685,-260151,-259177,-2188936,-756526,-733641,-966,-1017
690,-263947,-262967,-2210408,-762026,-739179,-972,-1017
695,-267771,-266784,-2231880,-767526,-744667,-978,-1017
700,-271622,-270628,-2253352,-773026,-750154,-984,-1017
705,-275501,-274500,-2274824,-778526,-755667,-990,-1017
710,-279408,-278399,-2296296,-784026,-761154,-996,-1017
715,-283342,-282326,-2317768,-789526,-766667,-1000,-1017
720,-287303,-286277,-2339240,-795026,-772077,-1000,-1017
725,-291292,-290241,-2360712,-800526,-777128,-1000,-1017
730,-295308,-294212,-2382184,-806026,-781641,-1000,-1017
735,-299352,-298188,-2403656,-811526,-785564,-1000,-1017
740,-303424,-302164,-2425128,-817026,-788821,-1000,-1017
745,-307522,-306142,-2446600,-822526,-791410,-1000,-1017
750,-311649,-310121,-2468072,-828026,-793308,-1000,-1017
755,-315803,-314100,-2489544,-833526,-794513,-1000,-1017
760,-319984,-318079,-2511016,-839026,-795128,-1000,-1017
765,-324193,-322057,-2532488,-844526,-795436,-1000,-1017
770,-328429,-326036,-2553960,-850026,-795615,-1000,-1017
775,-332693,-330015,-2575432,-855526,-795692,-1000,-1017
780,-336985,-333994,-2596904,-861026,-795744,-1000,-1017
785,-341303,-337973,-2618376,-866526,-795769,-1000,-1017
790,-345650,-341952,-2639848,-872026,-795769,-1000,-1017
795,-350024,-345931,-2661320,-877526,-795795,-1000,-1017
800,-354425,-349910,-2682792,-883026,-795795,-1000,-1017
805,-358854,-353889,-2704264,-888526,-795795,-1000,-1017
810,-363295,-357867,-2725736,-885862,-795769,-1000,-1017
815,-367711,-361846,-2747208,-880362,-795769,-1000,-1017
820,-372099,-365825,-2768680,-874862,-795769,-1000,-1017
825,-376459,-369804,-2790152,-869362,-795769,-1000,-1017
830,-380792,-373783,-2811624,-863862,-795769,-1000,-1017
835,-385098,-377762,-2833096,-858362,-795769,-1000,-1017
840,-389376,-381741,-2854568,-852862,-795795,-1000,-1017
845,-393627,-385720,-2876040,-847362,-795795,-1000,-1017
850,-397850,-389698,-2897512,-841862,-795769,-1000,-1017
855,-402045,-393677,-2918984,-836362,-795769,-1000,-1017
860,-406213,-397656,-2940456,-830862,-795769,-1000,-1017
865,-410354,-401635,-2961928,-825362,-795769,-1000,-1017
870,-414467,-405614,-2983400,-819862,-795769,-1000,-1017
875,-418552,-409593,-3004872,-814362,-795769,-1000,-1017
880,-422610,-413572,-3026344,-808862,-795795,-1000,-1017
885,-426641,-417551,-3047816,-803362,-795795,-1000,-1017
890,-430644,-421529,-3069288,-797862,-795769,-1000,-1017
895,-434620,-425508,-3090760,-792362,-795769,-1000,-1017
900,-438568,-429487,-3112232,-786862,-795769,-1000,-1017
905,-442488,-433466,-3133704,-781362,-795769,-1000,-1017
910,-446381,-437445,-3155176,-775862,-795769,-1000,-1017
915,-450247,-441424,-3176648,-770362,-795769,-1000,-1017
920,-454085,-445403,-3198120,-764862,-795795,-1000,-1017
925,-457896,-449382,-3219592,-759362,-795795,-1000,-1017
930,-461679,-453361,-3241064,-753862,-795795,-1000,-1017
935,-465434,-457339,-3262536,-748362,-795769,-1000,-1017
940,-469162,-461318,-3284008,-742862,-795769,-1000,-1017
945,-472863,-465297,-3305480,-737362,-795769,-1000,-1017
950,-476536,-469276,-3326952,-731862,-795769,-1000,-1017
955,-480181,-473255,-3348424,-726362,-795769,-1000,-1017
960,-483799,-477234,-3369896,-720862,-795769,-1000,-1017
965,-487390,-481213,-3391368,-715362,-795795,-1000,-1017
970,-490953,-485192,-3412840,-709862,-795795,-1000,-1017
975,-494489,-489170,-3434312,-704362,-795769,-1000,-1017
980,-497997,-493149,-3455784,-698862,-795769,-1000,-1017
985,-501477,-497128,-3477256,-693362,-795769,-1000,-1017
990,-504930,-501107,-3498728,-687862,-795769,-1000,-1017
995,-508356,-505086,-3520200,-682362,-795769,-1000,-1017
1000,-511754,-509065,-3541672,-676862,-795769,-1000,-1017
1005,-515124,-513044,-3563144,-671362,-795795,-975,-1017
1010,-518467,-516941,-3584616,-665862,-793692,-801,-1017
1015,-521783,-520478,-3606088,-660362,-782359,-737,-1017
1020,-525071,-523661,-3627560,-654862,-761949,-780,-1017
1025,-528332,-526725,-3649032,-649362,-738487,-853,-1017
1030,-531565,-529881,-3670504,-643862,-717385,-888,-1017
1035,-534770,-533169,-3691976,-638362,-699667,-871,-1017
1040,-537948,-536504,-3713448,-632862,-683154,-832,-1017
1045,-541099,-539781,-3734920,-627362,-665179,-802,-1017
1050,-544222,-542961,-3756392,-621862,-648179,-793,-1017
1055,-547318,-546064,-3777864,-616362,-639154,-791,-1017
1060,-550386,-549119,-3799336,-610862,-637026,-787,-1017
1065,-553426,-552144,-3820808,-605362,-635872,-784,-1017
1070,-556439,-555145,-3842280,-599862,-631154,-783,-1017
1075,-559425,-558130,-3863752,-594362,-622923,-782,-1017
1080,-562383,-561106,-3885224,-588862,-613821,-776,-1017
1085,-565313,-564064,-3906696,-583362,-606128,-767,-1017
1090,-568216,-566993,-3928168,-577862,-600179,-756,-1017
1095,-571092,-569882,-3949640,-572362,-594974,-748,-1017
1100,-573940,-572732,-3971112,-566862,-589897,-743,-1017
1105,-576761,-575550,-3992584,-561362,-584744,-739,-1017
1110,-579554,-578343,-4014056,-555862,-579487,-735,-1017
1115,-582319,-581115,-4035528,-550362,-574077,-730,-1017
1120,-585057,-583863,-4057000,-544862,-568308,-723,-1017
1125,-587768,-586585,-4078472,-539362,-562359,-716,-1017
1130,-590451,-589278,-4099944,-533862,-556513,-710,-1017
1135,-593106,-591941,-4121416,-528362,-550923,-704,-1017
1140,-595734,-594576,-4142888,-522862,-545590,-698,-1017
1145,-598335,-597182,-4164360,-517362,-540308,-692,-1017
1150,-600908,-599761,-4185832,-511862,-534923,-687,-1017
1155,-603454,-602313,-4207304,-506362,-529385,-681,-1017
1160,-605972,-604838,-4228776,-500862,-523795,-675,-1017
1165,-608462,-607337,-4250248,-495362,-518231,-669,-1017
1170,-610925,-609808,-4271720,-489862,-512692,-663,-1017
1175,-613361,-612251,-4293192,-484362,-507205,-657,-1017
1180,-615769,-614666,-4314664,-478862,-501692,-651,-1017
1185,-618149,-617054,-4336136,-473362,-496256,-645,-1017
1190,-620503,-619413,-4357608,-467862,-490744,-639,-1017
1195,-622828,-621746,-4379080,-462362,-485282,-633,-1017
1200,-625126,-624051,-4400552,-456862,-479769,-628,-1017
1205,-627397,-626329,-4422024,-451362,-474256,-622,-1017
1210,-629640,-628579,-4443496,-445862,-468718,-616,-1017
1215,-631855,-630802,-4464968,-440362,-463231,-610,-1017
1220,-634043,-632997,-4486440,-434862,-457718,-604,-1017
1225,-636204,-635165,-4507912,-429362,-452231,-598,-1017
1230,-638337,-637305,-4529384,-423862,-446744,-592,-1017
1235,-640443,-639417,-4550856,-418362,-441231,-586,-1017
1240,-642521,-641503,-4572328,-412862,-435744,-580,-1017
1245,-644571,-643560,-4593800,-407362,-430231,-574,-1017
1250,-646594,-645591,-4615272,-401862,-424744,-568,-1017
1255,-648590,-647593,-4636744,-396362,-419231,-563,-1017
1260,-650558,-649568,-4658216,-390862,-413718,-557,-1017
1265,-652498,-651516,-4679688,-385362,-408231,-551,-1017
1270,-654411,-653436,-4701160,-379862,-402718,-545,-1017
1275,-656297,-655329,-4722632,-374362,-397256,-539,-1017
1280,-658155,-657194,-4744104,-368862,-391744,-533,-1017
1285,-659986,-659032,-4765576,-363362,-386231,-527,-1017
1290,-661789,-660842,-4787048,-357862,-380744,-521,-1017
1295,-663564,-662625,-4808520,-352362,-375256,-515,-1017
1300,-665312,-664380,-4829992,-346862,-369744,-509,-1017
1305,-667033,-666108,-4851464,-341362,-364256,-503,-1017
1310,-668726,-667808,-4872936,-335862,-358744,-497,-1017
1315,-670391,-669480,-4894408,-330362,-353231,-492,-1017
1320,-672030,-671125,-4915880,-324862,-347718,-486,-1017
1325,-673640,-672743,-4937352,-319362,-342231,-480,-1017
1330,-675223,-674334,-4958824,-313862,-336744,-474,-1017
1335,-676779,-675896,-4980296,-308362,-331231,-468,-1017
1340,-678307,-677431,-5001768,-302862,-325718,-462,-1017
1345,-679807,-678939,-5023240,-297362,-320231,-456,-1017
1350,-681280,-680419,-5044712,-291862,-314718,-450,-1017
1355,-682726,-681872,-5066184,-286362,-309256,-444,-1017
1360,-684144,-683297,-5087656,-280862,-303744,-438,-1017
1365,-685535,-684695,-5109128,-275362,-298256,-432,-1017
1370,-686898,-686065,-5130600,-269862,-292744,-426,-1017
1375,-688233,-687407,-5152072,-264362,-287205,-421,-1017
1380,-689541,-688723,-5173544,-258862,-281744,-415,-1017
1385,-690822,-690010,-5195016,-253362,-276231,-409,-1017
1390,-692075,-691270,-5216488,-247862,-270718,-403,-1017
1395,-693300,-692503,-5237960,-242362,-265231,-397,-1017
1400,-694498,-693708,-5259432,-236862,-259718,-391,-1017
1405,-695669,-694886,-5280904,-231362,-254231,-385,-1017
1410,-696812,-696036,-5302376,-225862,-248744,-379,-1017
1415,-697928,-697159,-5323848,-220362,-243231,-373,-1017
1420,-699016,-698254,-5345320,-214862,-237718,-368,-1017
1425,-700076,-699322,-5366792,-209362,-232231,-362,-1017
1430,-701109,-700362,-5388264,-203862,-226744,-356,-1017
1435,-702115,-701375,-5409736,-198362,-221256,-350,-1017
1440,-703093,-702360,-5431208,-192862,-215744,-344,-1017
1445,-704043,-703318,-5452680,-187362,-210256,-338,-1017
1450,-704967,-704248,-5474152,-181862,-204744,-332,-1017
1455,-705862,-705150,-5495624,-176362,-199231,-326,-1017
1460,-706730,-706025,-5517096,-170862,-193718,-320,-1017
1465,-707571,-706873,-5538568,-165362,-188231,-314,-1017
1470,-708384,-707694,-5560040,-159862,-182744,-308,-1017
1475,-709169,-708486,-5581512,-154362,-177231,-302,-1017
1480,-709927,-709251,-5602984,-148862,-171718,-297,-1017
1485,-710658,-709989,-5624456,-143362,-166231,-291,-1017
1490,-711361,-710699,-5645928,-137862,-160744,-285,-1017
1495,-712037,-711382,-5667400,-132362,-155256,-279,-1017
1500,-712685,-712037,-5688872,-126862,-149744,-273,-1017
1505,-713305,-712665,-5710344,-121362,-144256,-267,-1017
1510,-713898,-713265,-5731816,-115862,-138744,-261,-1017
1515,-714464,-713838,-5753288,-110362,-133256,-255,-1017
1520,-715002,-714383,-5774760,-104862,-127744,-249,-1017
1525,-715512,-714900,-5796232,-99362,-122231,-243,-1017
1530,-715995,-715390,-5817704,-93862,-116718,-238,-1017
1535,-716451,-715853,-5839176,-88362,-111231,-232,-1017
1540,-716879,-716288,-5860648,-82862,-105718,-226,-1017
1545,-717280,-716696,-5882120,-77362,-100231,-220,-1017
1550,-717653,-717076,-5903592,-71862,-94718,-214,-1017
1555,-717998,-717429,-5925064,-66362,-89231,-208,-1017
1560,-718316,-717754,-5946536,-60862,-83744,-202,-1017
1565,-718607,-718052,-5968008,-55362,-78256,-196,-1017
1570,-718870,-718322,-5989480,-49862,-72744,-190,-1017
1575,-719105,-718565,-6010952,-44362,-67256,-184,-1017
1580,-719314,-718780,-6032424,-38862,-61744,-178,-1017
1585,-719494,-718967,-6053896,-33362,-56205,-173,-1017
1590,-719647,-719127,-6075368,-27862,-50718,-167,-1017
1595,-719773,-719260,-6096840,-22362,-45231,-161,-1017
1600,-719871,-719366,-6118312,-16862,-39744,-155,-1017
1605,-719941,-719443,-6139784,-11362,-34231,-149,-1017
1610,-719984,-719503,-6161256,-5862,-28974,-140,-1017
1615,-720000,-719558,-6182728,-362,-24308,-123,-1017
1620,-720000,-719603,-6204200,0,-20077,-120,-1017
1625,-720000,-719650,-6225672,0,-16641,-106,-1017
1630,-720000,-719692,-6247144,0,-13744,-93,-1017
1635,-720000,-719729,-6268616,0,-11436,-82,-1017
1640,-720000,-719761,-6290088,0,-9692,-72,-1017
1645,-720000,-719790,-6311560,0,-8590,-64,-1017
1650,-720000,-719815,-6333032,0,-7692,-56,-1017
1655,-720000,-719838,-6354504,0,-6923,-49,-1017
1660,-720000,-719858,-6375976,0,-6308,-43,-1017
1665,-720000,-719875,-6397448,0,-5538,-38,-1017
1670,-720000,-719891,-6418920,0,-4923,-33,-1017
1675,-720000,-719904,-6440392,0,-4333,-30,-1017
1680,-720000,-719917,-6461864,0,-3846,-26,-1017
1685,-720000,-719927,-6483336,0,-3385,-23,-1017
1690,-720000,-719937,-6504808,0,-3000,-20,-1017
1695,-720000,-719945,-6526280,0,-2641,-17,-1017
1700,-720000,-719952,-6547752,0,-2333,-15,-1017
1705,-720000,-719959,-6569224,0,-2077,-13,-1017
1710,-720000,-719965,-6590696,0,-1821,-11,-1017
1715,-720000,-719970,-6612168,0,-1615,-10,-1017
1720,-720000,-719974,-6633640,0,-1410,-9,-1017
1725,-720000,-719978,-6655112,0,-1256,-7,-1017
1730,-720000,-719982,-6676584,0,-1128,-6,-1017
1735,-720000,-719985,-6698056,0,-974,-5,-1017
1740,-720000,-719988,-6719528,0,-872,-4,-1017
1745,-720000,-719990,-6741000,0,-769,-4,-1017
1750,-720000,-719992,-6762472,0,-667,-3,-1017
1755,-720000,-719994,-6783944,0,-590,-3,-1017
1760,-720000,-719996,-6805416,0,-538,-2,-1017
1765,-720000,-719997,-6826888,0,-462,-2,-1017
1770,-720000,-719998,-6848360,0,-385,-1,-1017
1775,-720000,-719999,-6869832,0,-333,-1,-1017
1780,-720000,-720001,-6891304,0,-333,0,-1017
1785,-720000,-720002,-6912776,0,-308,0,-1017
1790,-720000,-720002,-6934248,0,-231,0,-1017
1795,-720000,-720003,-6953785,0,-231,0,19508
1800,-720000,-720004,-6968008,0,-205,0,17235
1805,-720000,-720004,-6977288,0,-179,0,14981
1810,-720000,-720004,-6982234,0,-154,0,13002
1815,-720000,-720005,-6983383,0,-154,1,11269
1820,-720000,-720005,-6981720,0,-103,1,10055
1825,-720000,-720005,-6977603,0,-77,1,8935
1830,-720000,-720006,-6971336,0,-77,1,7954
1835,-720000,-720006,-6963184,0,-77,1,7094
1840,-720000,-720006,-6953382,0,-51,1,6340
1845,-720000,-720006,-6942134,0,-51,1,5679
1850,-720000,-720006,-6929619,0,-51,1,5102
1855,-720000,-720006,-6915995,0,-26,1,4595
1860,-720000,-720006,-6901399,0,-26,1,4151
1865,-720000,-720006,-6885951,0,-26,1,3762
1870,-720000,-720006,-6869757,0,0,1,3422
1875,-720000,-720006,-6852909,0,0,1,3123
1880,-720000,-720006,-6835489,0,0,1,2862
1885,-720000,-720006,-6817567,0,0,1,2632
1890,-720000,-720006,-6799205,0,0,1,2432
1895,-720000,-720006,-6780458,0,0,1,2256
1900,-720000,-720006,-6761375,0,0,1,2102
1905,-720000,-720006,-6741997,0,0,1,1967
1910,-720000,-720006,-6722360,0,0,1,1849
1915,-720000,-720006,-6702496,0,0,1,1746
1920,-720000,-720006,-6682433,0,0,1,1655
1925,-720000,-720006,-6662196,0,0,1,1575
1930,-720000,-720006,-6641807,0,0,1,1506
1935,-720000,-720006,-6621285,0,0,1,1445
1940,-720000,-720006,-6600646,0,0,1,1392
1945,-720000,-720006,-6579904,0,0,1,1345
1950,-720000,-720006,-6559072,0,0,1,1304
1955,-720000,-720006,-6538162,0,0,1,1268
1960,-720000,-720006,-6517183,0,0,1,1237
1965,-720000,-720006,-6496143,0,0,1,1209
1970,-720000,-720006,-6475050,0,0,1,1185
1975,-720000,-720006,-6453911,0,0,1,1164
1980,-720000,-720006,-6432731,0,0,1,1145
1985,-720000,-720006,-6411516,0,0,1,1129
1990,-720000,-720006,-6390270,0,0,1,1115
1995,-720000,-720006,-6368997,0,0,1,1102
2000,-720000,-720006,-6347699,0,0,1,1091
2005,-720000,-720006,-6326381,0,0,1,1082
2010,-720000,-720006,-6305044,0,0,1,1073
2015,-720000,-720006,-6283692,0,0,1,1066
2020,-720000,-720006,-6262325,0,0,1,1060
2025,-720000,-720006,-6240946,0,0,1,1054
2030,-720000,-720006,-6219556,0,0,1,1049
2035,-720000,-720006,-6198157,0,0,1,1045
2040,-720000,-720006,-6176750,0,0,1,1041
2045,-720000,-720006,-6155335,0,0,1,1038
2050,-720000,-720006,-6133914,0,0,1,1035
2055,-720000,-720006,-6112487,0,0,1,1032
2060,-720000,-720006,-6091055,0,0,1,1030
2065,-720000,-720006,-6069619,0,0,1,1028
2070,-720000,-720006,-6048180,0,0,1,1026
2075,-720000,-720006,-6026737,0,0,1,1025
2080,-720000,-720006,-6005291,0,0,1,1023
2085,-720000,-720006,-5983843,0,0,1,1022
2090,-720000,-720006,-5962393,0,0,1,1021
2095,-720000,-720006,-5940941,0,0,1,1020
2100,-720000,-720006,-5919487,0,0,1,1020
2105,-720000,-720006,-5898031,0,0,1,1019
2110,-720000,-720006,-5876574,0,0,1,1018
2115,-720000,-720006,-5855116,0,0,1,1018
2120,-720000,-720006,-5833657,0,0,1,1017
2125,-720000,-720006,-5812197,0,0,1,1017
2130,-720000,-720006,-5790736,0,0,1,1017
2135,-720000,-720006,-5769274,0,0,1,1016
2140,-720000,-720006,-5747812,0,0,1,1016
2145,-720000,-720006,-5726349,0,0,1,1016
2150,-720000,-720006,-5704886,0,0,1,1016
2155,-720000,-720006,-5683422,0,0,1,1015
2160,-720000,-720006,-5661958,0,0,1,1015
2165,-720000,-720006,-5640494,0,0,1,1015
2170,-720000,-720006,-5619030,0,0,1,1015
2175,-720000,-720006,-5597565,0,0,1,1015
2180,-720000,-720006,-5576100,0,0,1,1015
2185,-720000,-720006,-5554635,0,0,1,1015
2190,-720000,-720006,-5533170,0,0,1,1015
2195,-720000,-720006,-5511705,0,0,1,1015
2200,-720000,-720006,-5490239,0,0,1,1014
2205,-720000,-720006,-5468773,0,0,1,1014
2210,-720000,-720006,-5447307,0,0,1,1014
2215,-720000,-720006,-5425841,0,0,1,1014
2220,-720000,-720006,-5404375,0,0,1,1014
2225,-720000,-720006,-5382909,0,0,1,1014
2230,-720000,-720006,-5361443,0,0,1,1014
2235,-720000,-720006,-5339977,0,0,1,1014
2240,-720000,-720006,-5318511,0,0,1,1014
2245,-720000,-720006,-5297045,0,0,1,1014
2250,-720000,-720006,-5275579,0,0,1,1014
2255,-720000,-720006,-5254113,0,0,1,1014
2260,-720000,-720006,-5232647,0,0,1,1014
2265,-720000,-720006,-5211181,0,0,1,1014
2270,-720000,-720006,-5189715,0,0,1,1014
2275,-720000,-720006,-5168249,0,0,1,1014
2280,-720000,-720006,-5146783,0,0,1,1014
2285,-720000,-720006,-5125317,0,0,1,1014
2290,-720000,-720006,-5103851,0,0,1,1014
2295,-720000,-720006,-5082385,0,0,1,1014
2300,-720000,-720006,-5060919,0,0,1,1014
2305,-720000,-720006,-5039453,0,0,1,1014
2310,-720000,-720006,-5017987,0,0,1,1014
2315,-720000,-720006,-4996521,0,0,1,1014
2320,-720000,-720006,-4975055,0,0,1,1014
2325,-720000,-720006,-4953589,0,0,1,1014
2330,-720000,-720006,-4932123,0,0,1,1014
2335,-720000,-720006,-4910657,0,0,1,1014
2340,-720000,-720006,-4889191,0,0,1,1014
2345,-720000,-720006,-4867725,0,0,1,1014
2350,-720000,-720006,-4846259,0,0,1,1014
2355,-720000,-720006,-4824793,0,0,1,1014
2360,-720000,-720006,-4803327,0,0,1,1014
2365,-720000,-720006,-4781861,0,0,1,1014
2370,-720000,-720006,-4760395,0,0,1,1014
2375,-720000,-720006,-4738929,0,0,1,1014
2380,-720000,-720006,-4717463,0,0,1,1014
2385,-720000,-720006,-4695997,0,0,1,1014
2390,-720000,-720006,-4674531,0,0,1,1014
2395,-720000,-720006,-4653065,0,0,1,1014
2400,-720000,-720006,-4631599,0,0,1,1014
2405,-720000,-720006,-4610133,0,0,1,1014
2410,-720000,-720006,-4588667,0,0,1,1014
2415,-720000,-720006,-4567201,0,0,1,1014
2420,-720000,-720006,-4545735,0,0,1,1014
2425,-720000,-720006,-4524269,0,0,1,1014
2430,-720000,-720006,-4502803,0,0,1,1014
2435,-720000,-720006,-4481337,0,0,1,1014
2440,-720000,-720006,-4459871,0,0,1,1014
2445,-720000,-720006,-4438405,0,0,1,1014
2450,-720000,-720006,-4416939,0,0,1,1014
2455,-720000,-720006,-4395473,0,0,1,1014
2460,-720000,-720006,-4374007,0,0,1,1014
2465,-720000,-720006,-4352541,0,0,1,1014
2470,-720000,-720006,-4331075,0,0,1,1014
2475,-720000,-720006,-4309609,0,0,1,1014
2480,-720000,-720006,-4288143,0,0,1,1014
2485,-720000,-720006,-4266677,0,0,1,1014
2490,-720000,-720006,-4245211,0,0,1,1014
2495,-720000,-720006,-4223745,0,0,1,1014
2500,-720000,-720006,-4202279,0,0,1,1014
2505,-720000,-720006,-4180813,0,0,1,1014
2510,-720000,-720006,-4159347,0,0,1,1014
2515,-720000,-720006,-4137881,0,0,1,1014
2520,-720000,-720006,-4116415,0,0,1,1014
2525,-720000,-720006,-4094949,0,0,1,1014
2530,-720000,-720006,-4073483,0,0,1,1014
2535,-720000,-720006,-4052017,0,0,1,1014
2540,-720000,-720006,-4030551,0,0,1,1014
2545,-720000,-720006,-4009085,0,0,1,1014
2550,-720000,-720006,-3987619,0,0,1,1014
2555,-720000,-720006,-3966153,0,0,1,1014
2560,-720000,-720006,-3944687,0,0,1,1014
2565,-720000,-720006,-3923221,0,0,1,1014
2570,-720000,-720006,-3901755,0,0,1,1014
2575,-720000,-720006,-3880289,0,0,1,1014
2580,-720000,-720006,-3858823,0,0,1,1014
2585,-720000,-720006,-3837357,0,0,1,1014
2590,-720000,-720006,-3815891,0,0,1,1014
2595,-720000,-720006,-3794425,0,0,1,1014
2600,-720000,-720006,-3772959,0,0,1,1014
2605,-720000,-720006,-3751493,0,0,1,1014
2610,-720000,-720006,-3730027,0,0,1,1014
2615,-720000,-720006,-3708561,0,0,1,1014
2620,-720000,-720006,-3687095,0,0,1,1014
2625,-720000,-720006,-3665629,0,0,1,1014
2630,-720000,-720006,-3644163,0,0,1,1014
2635,-720000,-720006,-3622697,0,0,1,1014
2640,-720000,-720006,-3601231,0,0,1,1014
2645,-720000,-720006,-3579765,0,0,1,1014
2650,-720000,-720006,-3558299,0,0,1,1014
2655,-720000,-720006,-3536833,0,0,1,1014
2660,-720000,-720006,-3515367,0,0,1,1014
2665,-720000,-720006,-3493901,0,0,1,1014
2670,-720000,-720006,-3472435,0,0,1,1014
2675,-720000,-720006,-3450969,0,0,1,1014
2680,-720000,-720006,-3429503,0,0,1,1014
2685,-720000,-720006,-3408037,0,0,1,1014
2690,-720000,-720006,-3386571,0,0,1,1014
2695,-720000,-720006,-3365105,0,0,1,1014
2700,-720000,-720006,-3343639,0,0,1,1014
2705,-720000,-720006,-3322173,0,0,1,1014
2710,-720000,-720006,-3300707,0,0,1,1014
2715,-720000,-720006,-3279241,0,0,1,1014
2720,-720000,-720006,-3257775,0,0,1,1014
2725,-720000,-720006,-3236309,0,0,1,1014
2730,-720000,-720006,-3214843,0,0,1,1014
2735,-720000,-720006,-3193377,0,0,1,1014
2740,-720000,-720006,-3171911,0,0,1,1014
2745,-720000,-720006,-3150445,0,0,1,1014
2750,-720000,-720006,-3128979,0,0,1,1014
2755,-720000,-720006,-3107513,0,0,1,1014
2760,-720000,-720006,-3086047,0,0,1,1014
2765,-720000,-720006,-3064581,0,0,1,1014
2770,-720000,-720006,-3043115,0,0,1,1014
2775,-720000,-720006,-3021649,0,0,1,1014
2780,-720000,-720006,-3000183,0,0,1,1014
2785,-720000,-720006,-2978717,0,0,1,1014
2790,-720000,-720006,-2957251,0,0,1,1014
2795,-720000,-720006,-2935785,0,0,1,1014
2800,-720000,-720006,-2914319,0,0,1,1014
2805,-720000,-720006,-2892853,0,0,1,1014
2810,-720000,-720006,-2871387,0,0,1,1014
2815,-720000,-720006,-2849921,0,0,1,1014
2820,-720000,-720006,-2828455,0,0,1,1014
2825,-720000,-720006,-2806989,0,0,1,1014
2830,-720000,-720006,-2785523,0,0,1,1014
2835,-720000,-720006,-2764057,0,0,1,1014
2840,-720000,-720006,-2742591,0,0,1,1014
2845,-720000,-720006,-2721125,0,0,1,1014
2850,-720000,-720006,-2699659,0,0,1,1014
2855,-720000,-720006,-2678193,0,0,1,1014
2860,-720000,-720006,-2656727,0,0,1,1014
2865,-720000,-720006,-2635261,0,0,1,1014
2870,-720000,-720006,-2613795,0,0,1,1014
2875,-720000,-720006,-2592329,0,0,1,1014
2880,-720000,-720006,-2570863,0,0,1,1014
2885,-720000,-720006,-2549397,0,0,1,1014
2890,-720000,-720006,-2527931,0,0,1,1014
2895,-720000,-720006,-2506465,0,0,1,1014
2900,-720000,-720006,-2484999,0,0,1,1014
2905,-720000,-720006,-2463533,0,0,1,1014
2910,-720000,-720006,-2442067,0,0,1,1014
2915,-720000,-720006,-2420601,0,0,1,1014
2920,-720000,-720006,-2399135,0,0,1,1014
2925,-720000,-720006,-2377669,0,0,1,1014
2930,-720000,-720006,-2356203,0,0,1,1014
2935,-720000,-720006,-2334737,0,0,1,1014
2940,-720000,-720006,-2313271,0,0,1,1014
2945,-720000,-720006,-2291805,0,0,1,1014
2950,-720000,-720006,-2270339,0,0,1,1014
2955,-720000,-720006,-2248873,0,0,1,1014
2960,-720000,-720006,-2227407,0,0,1,1014
2965,-720000,-720006,-2205941,0,0,1,1014
2970,-720000,-720006,-2184475,0,0,1,1014
2975,-720000,-720006,-2163009,0,0,1,1014
2980,-720000,-720006,-2141543,0,0,1,1014
2985,-720000,-720006,-2120077,0,0,1,1014
2990,-720000,-720006,-2098611,0,0,1,1014
2995,-720000,-720006,-2077145,0,0,1,1014
3000,-720000,-720006,-2055679,0,0,1,1014
3005,-720000,-720006,-2034213,0,0,1,1014
3010,-720000,-720006,-2012747,0,0,1,1014
3015,-720000,-720006,-1991281,0,0,1,1014
3020,-720000,-720006,-1969815,0,0,1,1014
3025,-720000,-720006,-1948349,0,0,1,1014
3030,-720000,-720006,-1926883,0,0,1,1014
3035,-720000,-720006,-1905417,0,0,1,1014
3040,-720000,-720006,-1883951,0,0,1,1014
3045,-720000,-720006,-1862485,0,0,1,1014
3050,-720000,-720006,-1841019,0,0,1,1014
3055,-720000,-720006,-1819553,0,0,1,1014
3060,-720000,-720006,-1798087,0,0,1,1014
3065,-720000,-720006,-1776621,0,0,1,1014
3070,-720000,-720006,-1755155,0,0,1,1014
3075,-720000,-720006,-1733689,0,0,1,1014
3080,-720000,-720006,-1712223,0,0,1,1014
3085,-720000,-720006,-1690757,0,0,1,1014
3090,-720000,-720006,-1669291,0,0,1,1014
3095,-720000,-720006,-1647825,0,0,1,1014
3100,-720000,-720006,-1626359,0,0,1,1014
3105,-720000,-720006,-1604893,0,0,1,1014
3110,-720000,-720006,-1583427,0,0,1,1014
3115,-720000,-720006,-1561961,0,0,1,1014
3120,-720000,-720006,-1540495,0,0,1,1014
3125,-720000,-720006,-1519029,0,0,1,1014
3130,-720000,-720006,-1497563,0,0,1,1014
3135,-720000,-720006,-1476097,0,0,1,1014
3140,-720000,-720006,-1454631,0,0,1,1014
3145,-720000,-720006,-1433165,0,0,1,1014
3150,-720000,-720006,-1411699,0,0,1,1014
3155,-720000,-720006,-1390233,0,0,1,1014
3160,-720000,-720006,-1368767,0,0,1,1014
3165,-720000,-720006,-1347301,0,0,1,1014
3170,-720000,-720006,-1325835,0,0,1,1014
3175,-720000,-720006,-1304369,0,0,1,1014
3180,-720000,-720006,-1282903,0,0,1,1014
3185,-720000,-720006,-1261437,0,0,1,1014
3190,-720000,-720006,-1239971,0,0,1,1014
3195,-720000,-720006,-1218505,0,0,1,1014
3200,-720000,-720006,-1197039,0,0,1,1014
3205,-720000,-720006,-1175573,0,0,1,1014
3210,-720000,-720006,-1154107,0,0,1,1014
3215,-720000,-720006,-1132641,0,0,1,1014
3220,-720000,-720006,-1111175,0,0,1,1014
3225,-720000,-720006,-1089709,0,0,1,1014
3230,-720000,-720006,-1068243,0,0,1,1014
3235,-720000,-720006,-1046777,0,0,1,1014
3240,-720000,-720006,-1025311,0,0,1,1014
3245,-720000,-720006,-1003845,0,0,1,1014
3250,-720000,-720006,-982379,0,0,1,1014
3255,-720000,-720006,-960913,0,0,1,1014
3260,-720000,-720006,-939447,0,0,1,1014
3265,-720000,-720006,-917981,0,0,1,1014
3270,-720000,-720006,-896515,0,0,1,1014
3275,-720000,-720006,-875049,0,0,1,1014
3280,-720000,-720006,-853583,0,0,1,1014
3285,-720000,-720006,-832117,0,0,1,1014
3290,-720000,-720006,-810651,0,0,1,1014
3295,-720000,-720006,-789185,0,0,1,1014
3300,-720000,-720006,-767719,0,0,1,1014
3305,-720000,-720006,-746513,0,0,1,-1744
3310,-720000,-720006,-726363,0,0,1,-5065
3315,-720000,-720006,-708142,0,0,1,-7807
3320,-720000,-720006,-692438,0,0,1,-8551
3325,-720000,-720006,-679556,0,0,1,-10077
3330,-720000,-720006,-669853,0,0,1,-10945
3335,-720000,-720006,-663519,0,0,1,-11154
3340,-720000,-720006,-660563,0,0,1,-10756
3345,-720000,-720006,-660827,0,0,1,-9820
3350,-720000,-720006,-663500,0,0,1,-8749
3355,-720000,-720006,-668229,0,0,1,-7334
3360,-720000,-720006,-674602,0,0,1,-5735
3365,-720000,-720006,-682164,0,0,1,-4049
3370,-720000,-720006,-690442,0,0,1,-2366
3375,-720000,-720006,-698971,0,0,1,-764
3380,-720000,-720006,-707313,0,0,1,682
3385,-720000,-720006,-715081,0,0,1,1921
3390,-720000,-720006,-721950,0,0,1,2896
3395,-720000,-720006,-727752,0,0,1,2694
3400,-720000,-720006,-732499,0,0,1,2827
3405,-720000,-720006,-736138,0,0,1,3172
3410,-720000,-720006,-738596,0,0,1,3288
3415,-720000,-720006,-739859,0,0,1,3186
3420,-720000,-720006,-739971,0,0,1,2889
3425,-720000,-720006,-739529,0,0,1,2724
3430,-720000,-720006,-738611,0,0,1,2433
3435,-720000,-720006,-737317,0,0,1,2098
3440,-720000,-720006,-735745,0,0,1,1738
3445,-720000,-720006,-733996,0,0,1,1375
3450,-720000,-720006,-732170,0,0,1,1026
3455,-720000,-720006,-730363,0,0,1,706
3460,-720000,-720006,-728660,0,0,1,430
3465,-720000,-720006,-727136,0,0,1,204
3470,-720000,-720006,-725848,0,0,1,39
3475,-720000,-720006,-724838,0,0,1,-67
3480,-720000,-720006,-724129,0,0,1,-88
3485,-720000,-720006,-723715,0,0,1,18
3490,-720000,-720006,-723568,0,0,1,122
3495,-720000,-720006,-723543,0,0,1,141
3500,-720000,-720006,-723516,0,0,1,140
3505,-720000,-720006,-723489,0,0,1,139
3510,-720000,-720006,-723463,0,0,1,138
3515,-720000,-720006,-723437,0,0,1,137
3520,-720000,-720006,-723411,0,0,1,136
3525,-720000,-720006,-723386,0,0,1,136
3530,-720000,-720006,-723361,0,0,1,135
3535,-720000,-720006,-723335,0,0,1,134
3540,-720000,-720006,-723310,0,0,1,132
3545,-720000,-720006,-723285,0,0,1,131
3550,-720000,-720006,-723261,0,0,1,130
3555,-720000,-720006,-723237,0,0,1,129
3560,-720000,-720006,-723213,0,0,1,128
3565,-720000,-720006,-723190,0,0,1,127
3570,-720000,-720006,-723167,0,0,1,127
3575,-720000,-720006,-723143,0,0,1,126
3580,-720000,-720006,-723119,0,0,1,125
3585,-720000,-720006,-723096,0,0,1,125
3590,-720000,-720006,-723073,0,0,1,124
3595,-720000,-720006,-723051,0,0,1,123
3600,-720000,-720006,-723029,0,0,1,122
3605,-720000,-720006,-723007,0,0,1,121
3610,-720000,-720006,-722985,0,0,1,120
3615,-720000,-720006,-722963,0,0,1,119
3620,-720000,-720006,-722940,0,0,1,118
3625,-720000,-720006,-722918,0,0,1,117
3630,-720000,-720006,-722896,0,0,1,116
3635,-720000,-720006,-722874,0,0,1,116
3640,-720000,-720006,-722852,0,0,1,115
3645,-720000,-720006,-722831,0,0,1,114
3650,-720000,-720006,-722810,0,0,1,113
3655,-720000,-720006,-722790,0,0,1,113
3660,-720000,-720006,-722769,0,0,1,111
3665,-720000,-720006,-722748,0,0,1,110
3670,-720000,-720006,-722727,0,0,1,110
3675,-720000,-720006,-722706,0,0,1,109
3680,-720000,-720006,-722686,0,0,1,108
3685,-720000,-720006,-722667,0,0,1,107
3690,-720000,-720006,-722648,0,0,1,106
3695,-720000,-720006,-722629,0,0,1,105
3700,-720000,-720006,-722610,0,0,1,105
3705,-720000,-720006,-722591,0,0,1,104
3710,-720000,-720006,-722572,0,0,1,104
3715,-720000,-720006,-722553,0,0,1,103
3720,-720000,-720006,-722534,0,0,1,102
3725,-720000,-720006,-722516,0,0,1,101
3730,-720000,-720006,-722498,0,0,1,100
3735,-720000,-720006,-722480,0,0,1,100
3740,-720000,-720006,-722462,0,0,1,99
3745,-720000,-720006,-722444,0,0,1,98
3750,-720000,-720006,-722426,0,0,1,98
3755,-720000,-720006,-722409,0,0,1,97
3760,-720000,-720006,-722391,0,0,1,97
3765,-720000,-720006,-722373,0,0,1,96
3770,-720000,-720006,-722355,0,0,1,95
3775,-720000,-720006,-722337,0,0,1,94
3780,-720000,-720006,-722319,0,0,1,93
3785,-720000,-720006,-722301,0,0,1,93
3790,-720000,-720006,-722284,0,0,1,92
3795,-720000,-720006,-722267,0,0,1,92
3800,-720000,-720006,-722251,0,0,1,90
3805,-720000,-720006,-722235,0,0,1,90
3810,-720000,-720006,-722219,0,0,1,89
3815,-720000,-720006,-722203,0,0,1,89
3820,-720000,-720006,-722186,0,0,1,88
3825,-720000,-720006,-722169,0,0,1,88
3830,-720000,-720006,-722152,0,0,1,87
3835,-720000,-720006,-722136,0,0,1,86
3840,-720000,-720006,-722121,0,0,1,86
3845,-720000,-720006,-722106,0,0,1,86
3850,-720000,-720006,-722091,0,0,1,85
3855,-720000,-720006,-722076,0,0,1,84
3860,-720000,-720006,-722061,0,0,1,84
3865,-720000,-720006,-722046,0,0,1,83
3870,-720000,-720006,-722032,0,0,1,82
3875,-720000,-720006,-722018,0,0,1,82
3880,-720000,-720006,-722004,0,0,1,81
3885,-720000,-720006,-721990,0,0,1,80
3890,-720000,-720006,-721976,0,0,1,79
3895,-720000,-720006,-721962,0,0,1,79
3900,-720000,-720006,-721948,0,0,1,79
3905,-720000,-720006,-721934,0,0,1,78
3910,-720000,-720006,-721920,0,0,1,78
3915,-720000,-720006,-721906,0,0,1,78
3920,-720000,-720006,-721892,0,0,1,77
3925,-720000,-720006,-721878,0,0,1,76
3930,-720000,-720006,-721865,0,0,1,76
3935,-720000,-720006,-721852,0,0,1,75
3940,-720000,-720006,-721839,0,0,1,75
3945,-720000,-720006,-721826,0,0,1,74
3950,-720000,-720006,-721813,0,0,1,74
3955,-720000,-720006,-721799,0,0,1,74
3960,-720000,-720006,-721785,0,0,1,73
3965,-720000,-720006,-721771,0,0,1,73
3970,-720000,-720006,-721757,0,0,1,72
3975,-720000,-720006,-721744,0,0,1,71
3980,-720000,-720006,-721732,0,0,1,72
3985,-720000,-720006,-721720,0,0,1,70
3990,-720000,-720006,-721708,0,0,1,70
3995,-720000,-720006,-721696,0,0,1,69
TRACE END
