TRACE BEGIN axis=1 rows=800 kp=0.0003 ki=8e-07 kv=1.2e-06 kd=0 kff=0 ff=1 pwm=25000 target=-720 duration=4 vmax=1100 accel=2200 vscale=1 ascale=0.35 vsrc=1 vwin=40 valpha=0.05
t_ms,ref_mdeg,enc_mdeg,hat_mdeg,vref_mdegs,what_mdegs,duty_milli,cur_01ma
0,0,0,0,0,0,-41,0
5,-10,-36,-46,-3850,-923,-109,-480
10,-39,-80,-166,-7700,-2051,-107,-684
15,-133,-125,-305,-14317,-3205,-126,-697
20,-214,-178,-456,-18167,-4564,-137,-815
25,-315,-236,-629,-22017,-6051,-153,-894
30,-434,-301,-819,-25867,-7718,-172,-1001
35,-573,-392,-1034,-29717,-10051,-189,-1124
40,-732,-533,-1290,-33567,-13615,-196,-1211
45,-909,-720,-1605,-37417,-17333,-196,-1227
50,-1106,-932,-1981,-41267,-21641,-194,-1198
55,-1322,-1154,-2410,-45117,-26103,-195,-1171
60,-1557,-1382,-2886,-48967,-30590,-200,-1168
65,-1811,-1623,-3411,-52817,-35256,-207,-1190
70,-2085,-1885,-3991,-56667,-40231,-213,-1220
75,-2378,-2172,-4635,-60517,-45026,-217,-1240
80,-2690,-2482,-5346,-64367,-49103,-220,-1251
85,-3022,-2812,-6128,-68217,-52590,-224,-1257
90,-3372,-3159,-6982,-72067,-55974,-227,-1263
95,-3742,-3523,-7910,-75917,-59590,-232,-1274
100,-4132,-3906,-8916,-79767,-63513,-236,-1291
105,-4540,-4308,-10004,-83617,-67564,-241,-1309
110,-4968,-4731,-11184,-87467,-71538,-245,-1372
115,-5415,-5174,-12478,-91317,-75436,-249,-1481
120,-5881,-5636,-13916,-95167,-79205,-253,-1591
125,-6366,-6116,-15529,-99017,-82974,-257,-1708
130,-6871,-6616,-17351,-102867,-86821,-261,-1843
135,-7395,-7134,-19423,-106717,-90667,-265,-1992
140,-7938,-7673,-21786,-110567,-94564,-269,-2163
145,-8501,-8230,-24492,-114417,-98436,-274,-2357
150,-9082,-8807,-27597,-118267,-102282,-278,-2585
155,-9683,-9403,-31168,-122117,-106103,-282,-2851
160,-10304,-10018,-35286,-125967,-109949,-286,-3160
165,-10943,-10653,-40040,-129817,-113821,-290,-3524
170,-11602,-11306,-45537,-133667,-117641,-294,-3949
175,-12280,-11979,-51904,-137517,-121513,-298,-4446
180,-12977,-12672,-59286,-141367,-125359,-302,-5029
185,-13693,-13383,-67857,-145217,-129205,-307,-5711
190,-14429,-14114,-77795,-149067,-133051,-311,-6275
195,-15184,-14864,-89147,-152917,-136897,-315,-5638
200,-15958,-15633,-101753,-156767,-140769,-319,-5065
205,-16752,-16422,-115458,-160617,-144615,-323,-4563
210,-17564,-17229,-130126,-164467,-148462,-327,-4124
215,-18396,-18056,-145638,-168317,-152308,-331,-3739
220,-19248,-18902,-161888,-172167,-156128,-336,-3402
225,-20118,-19768,-178786,-176017,-160000,-340,-3106
230,-21008,-20653,-196251,-179867,-163872,-344,-2847
235,-21917,-21557,-214212,-183717,-167718,-348,-2621
240,-22845,-22480,-232609,-187567,-171564,-352,-2422
245,-23792,-23422,-251387,-191417,-175385,-356,-2247
250,-24759,-24384,-270499,-195267,-179256,-360,-2095
255,-25745,-25365,-289904,-199117,-183103,-365,-1961
260,-26750,-26365,-309565,-202967,-186949,-369,-1844
265,-27775,-27385,-329451,-206817,-190821,-373,-1742
270,-28818,-28423,-349533,-210667,-194641,-377,-1652
275,-29881,-29481,-369788,-214517,-198487,-400,-1573
280,-30964,-30572,-390193,-218367,-202692,-381,-1504
285,-32065,-31671,-410731,-222217,-206615,-385,-1444
290,-33186,-32782,-431384,-226067,-210333,-409,-1391
295,-34326,-33937,-452139,-229917,-214718,-388,-1345
300,-35485,-35090,-472983,-233767,-218513,-393,-1305
305,-36663,-36252,-493905,-237617,-222077,-419,-1268
310,-37861,-37462,-514895,-241467,-226385,-399,-1238
315,-39078,-38681,-535945,-245317,-230385,-401,-1210
320,-40314,-39902,-557048,-249167,-233590,-427,-1187
325,-41570,-41165,-578197,-253017,-237769,-427,-1166
330,-42844,-42445,-599386,-256867,-241949,-410,-1147
335,-44138,-43721,-620610,-260717,-244949,-437,-1130
340,-45452,-45034,-641864,-264567,-249077,-439,-1117
345,-46784,-46374,-663145,-268417,-253436,-439,-1105
350,-48136,-47729,-684450,-272267,-256949,-441,-1094
355,-49507,-49095,-705776,-276117,-260821,-445,-1084
360,-50897,-50477,-727120,-279967,-264769,-450,-1076
365,-52306,-51876,-748480,-283817,-268077,-457,-1068
370,-53735,-53300,-769854,-287667,-271846,-461,-1062
375,-55183,-54745,-791240,-291517,-276026,-464,-1057
380,-56650,-56209,-812637,-295367,-279718,-468,-1052
385,-58137,-57692,-834044,-299217,-283282,-472,-1048
390,-59642,-59192,-855458,-303067,-286949,-476,-1044
395,-61167,-60712,-876879,-306917,-290821,-481,-1041
400,-62712,-62252,-898307,-310767,-294795,-484,-1038
405,-64275,-63810,-919741,-314617,-298744,-489,-1035
410,-65858,-65387,-941180,-318467,-302564,-493,-1033
415,-67460,-66984,-962623,-322317,-306333,-497,-1031
420,-69081,-68600,-984070,-326167,-310154,-501,-1029
425,-70721,-70237,-1005519,-330017,-314026,-505,-1028
430,-72381,-71892,-1026971,-333867,-317872,-509,-1026
435,-74060,-73565,-1048425,-337717,-321692,-514,-1025
440,-75758,-75258,-1069882,-341567,-325538,-518,-1024
445,-77476,-76971,-1091341,-345417,-329410,-522,-1023
450,-79212,-78702,-1112801,-349267,-333256,-526,-1023
455,-80968,-80453,-1134263,-353117,-337128,-530,-1022
460,-82744,-82224,-1155726,-356967,-340974,-534,-1021
465,-84538,-84013,-1177190,-360817,-344795,-538,-1021
470,-86352,-85822,-1198655,-364667,-348641,-542,-1020
475,-88185,-87650,-1220121,-368517,-352513,-547,-1020
480,-90037,-89497,-1241588,-372367,-356359,-551,-1020
485,-91908,-91364,-1263056,-376217,-360205,-555,-1019
490,-93799,-93249,-1284524,-380067,-364051,-559,-1019
495,-95709,-95154,-1305993,-383917,-367897,-563,-1019
500,-97638,-97078,-1327462,-387767,-371744,-568,-1019
505,-99587,-99022,-1348932,-391617,-375615,-571,-1018
510,-101554,-100985,-1370402,-395467,-379462,-576,-1018
515,-103541,-102967,-1391872,-399317,-383308,-580,-1018
520,-105548,-104968,-1413343,-403167,-387154,-584,-1018
525,-107573,-106988,-1434814,-407017,-391000,-588,-1018
530,-109618,-109028,-1456285,-410867,-394846,-592,-1018
535,-111682,-111087,-1477756,-414717,-398718,-596,-1018
540,-113765,-113166,-1499227,-418567,-402590,-600,-1018
545,-115867,-115263,-1520698,-422417,-406410,-605,-1018
550,-117989,-117380,-1542170,-426267,-410256,-609,-1018
555,-120130,-119516,-1563642,-430117,-414103,-613,-1017
560,-122290,-121671,-1585114,-433967,-417949,-617,-1017
565,-124470,-123845,-1606586,-437817,-421795,-621,-1017
570,-126668,-126039,-1628058,-441667,-425667,-625,-1017
575,-128886,-128252,-1649530,-445517,-429513,-629,-1017
580,-131124,-130485,-1671002,-449367,-433359,-633,-1017
585,-133380,-132736,-1692474,-453217,-437205,-638,-1017
590,-135656,-135006,-1713946,-457067,-441051,-642,-1017
595,-137951,-137296,-1735418,-460917,-444897,-646,-1017
600,-140265,-139606,-1756890,-464767,-448769,-650,-1017
605,-142598,-141934,-1778362,-468617,-452590,-654,-1017
610,-144951,-144282,-1799834,-472467,-456462,-658,-1017
615,-147323,-146649,-1821306,-476317,-460308,-663,-1017
620,-149714,-149035,-1842778,-480167,-464154,-667,-1017
625,-152125,-151441,-1864250,-484017,-468000,-671,-1017
630,-154554,-153866,-1885722,-487867,-471872,-675,-1017
635,-157003,-156310,-1907194,-491717,-475718,-679,-1017
640,-159472,-158773,-1928666,-495567,-479564,-683,-1017
645,-161959,-161255,-1950138,-499417,-483410,-687,-1017
650,-164466,-163757,-1971610,-503267,-487256,-692,-1017
655,-166992,-166278,-1993082,-507117,-491103,-696,-1017
660,-169537,-168818,-2014554,-510967,-494949,-700,-1017
665,-172101,-171378,-2036026,-514817,-498821,-704,-1017
670,-174685,-173956,-2057498,-518667,-502641,-708,-1017
675,-177288,-176554,-2078970,-522517,-506487,-712,-1017
680,-179910,-179172,-2100442,-526367,-510359,-716,-1017
685,-182552,-181808,-2121914,-530217,-514205,-721,-1017
690,-185212,-184464,-2143386,-534067,-518051,-725,-1017
695,-187892,-187139,-2164858,-537917,-521923,-729,-1017
700,-190592,-189833,-2186330,-541767,-525769,-733,-1017
705,-193310,-192546,-2207802,-545617,-529590,-737,-1017
710,-196048,-195279,-2229274,-549467,-533462,-741,-1017
715,-198805,-198032,-2250746,-553317,-537333,-745,-1017
720,-201581,-200803,-2272218,-557167,-541154,-749,-1017
725,-204376,-203593,-2293690,-561017,-545000,-754,-1017
730,-207191,-206403,-2315162,-564867,-548846,-758,-1017
735,-210025,-209232,-2336634,-568717,-552718,-762,-1017
740,-212878,-212080,-2358106,-572567,-556564,-766,-1017
745,-215751,-214947,-2379578,-576417,-560385,-770,-1017
750,-218642,-217834,-2401050,-580267,-564256,-774,-1017
755,-221553,-220740,-2422522,-584117,-568103,-778,-1017
760,-224484,-223666,-2443994,-587967,-571974,-782,-1017
765,-227433,-226610,-2465466,-591817,-575795,-787,-1017
770,-230402,-229574,-2486938,-595667,-579667,-791,-1017
775,-233390,-232557,-2508410,-599517,-583513,-795,-1017
780,-236397,-235559,-2529882,-603367,-587359,-799,-1017
785,-239423,-238580,-2551354,-607217,-591205,-803,-1017
790,-242469,-241621,-2572826,-611067,-595051,-807,-1017
795,-245534,-244681,-2594298,-614917,-598897,-812,-1017
800,-248618,-247761,-2615770,-618767,-602769,-815,-1017
805,-251722,-250859,-2637242,-622617,-606615,-820,-1017
810,-254844,-253977,-2658714,-626467,-610462,-824,-1017
815,-257986,-257114,-2680186,-630317,-614308,-828,-1017
820,-261148,-260270,-2701658,-634167,-618154,-832,-1017
825,-264328,-263446,-2723130,-638017,-622026,-836,-1017
830,-267528,-266640,-2744602,-641867,-625846,-840,-1017
835,-270747,-269854,-2766074,-645717,-629692,-845,-1017
840,-273985,-273087,-2787546,-649567,-633538,-849,-1017
845,-277242,-276340,-2809018,-653417,-637410,-853,-1017
850,-280519,-279612,-2830490,-657267,-641256,-857,-1017
855,-283815,-282903,-2851962,-661117,-645128,-861,-1017
860,-287130,-286213,-2873434,-664967,-648974,-865,-1017
865,-290465,-289543,-2894906,-668817,-652821,-869,-1017
870,-293818,-292891,-2916378,-672667,-656667,-873,-1017
875,-297191,-296259,-2937850,-676517,-660513,-878,-1017
880,-300584,-299647,-2959322,-680367,-664359,-882,-1017
885,-303995,-303053,-2980794,-684217,-668205,-886,-1017
890,-307426,-306479,-3002266,-688067,-672077,-890,-1017
895,-310876,-309924,-3023738,-691917,-675923,-894,-1017
900,-314345,-313388,-3045210,-695767,-679769,-898,-1017
905,-317833,-316871,-3066682,-699617,-683590,-903,-1017
910,-321341,-320374,-3088154,-703467,-687462,-907,-1017
915,-324868,-323896,-3109626,-707317,-691308,-911,-1017
920,-328414,-327437,-3131098,-711167,-695154,-915,-1017
925,-331980,-330998,-3152570,-715017,-699026,-919,-1017
930,-335564,-334578,-3174042,-718867,-702872,-923,-1017
935,-339168,-338177,-3195514,-722717,-706718,-927,-1017
940,-342792,-341795,-3216986,-726567,-710564,-931,-1017
945,-346434,-345432,-3238458,-730417,-714410,-936,-1017
950,-350096,-349089,-3259930,-734267,-718256,-940,-1017
955,-353777,-352765,-3281402,-738117,-722103,-944,-1017
960,-357477,-356460,-3302874,-741967,-725949,-948,-1017
965,-361194,-360172,-3324346,-743344,-729744,-865,-1017
970,-364901,-363772,-3345818,-739494,-730154,-890,-1017
975,-368589,-367302,-3367290,-735644,-728282,-932,-1017
980,-372258,-370885,-3388762,-731794,-727282,-952,-1017
985,-375907,-374543,-3410234,-727944,-727718,-941,-1017
990,-379537,-378226,-3431706,-724094,-728282,-917,-1017
995,-383148,-381871,-3453178,-720244,-727410,-901,-1017
1000,-386740,-385460,-3474650,-716394,-724564,-898,-1017
1005,-390312,-389009,-3496122,-712544,-720615,-902,-1017
1010,-393865,-392544,-3517594,-708694,-719641,-902,-1017
1015,-397399,-396072,-3539066,-704844,-719487,-896,-1017
1020,-400914,-399586,-3560538,-700994,-717308,-892,-1017
1025,-404409,-403083,-3582010,-697144,-712897,-889,-1017
1030,-407885,-406565,-3603482,-693294,-707846,-886,-1017
1035,-411342,-410032,-3624954,-689444,-703538,-881,-1017
1040,-414780,-413480,-3646426,-685594,-700205,-875,-1017
1045,-418198,-416905,-3667898,-681744,-697128,-869,-1017
1050,-421597,-420306,-3689370,-677894,-693718,-866,-1017
1055,-424977,-423685,-3710842,-674044,-689974,-863,-1017
1060,-428337,-427046,-3732314,-670194,-686128,-860,-1017
1065,-431679,-430393,-3753786,-666344,-682385,-856,-1017
1070,-435001,-433722,-3775258,-662494,-678538,-851,-1017
1075,-438304,-437031,-3796730,-658644,-674564,-847,-1017
1080,-441587,-440321,-3818202,-654794,-670615,-842,-1017
1085,-444852,-443590,-3839674,-650944,-666744,-838,-1017
1090,-448097,-446840,-3861146,-647094,-663000,-834,-1017
1095,-451323,-450070,-3882618,-643244,-659282,-830,-1017
1100,-454529,-453281,-3904090,-639394,-655487,-826,-1017
1105,-457717,-456473,-3925562,-635544,-651615,-822,-1017
1110,-460885,-459646,-3947034,-631694,-647692,-818,-1017
1115,-464033,-462800,-3968506,-627844,-643821,-814,-1017
1120,-467163,-465935,-3989978,-623994,-639974,-810,-1017
1125,-470273,-469050,-4011450,-620144,-636103,-806,-1017
1130,-473365,-472147,-4032922,-616294,-632282,-801,-1017
1135,-476436,-475223,-4054394,-612444,-628436,-797,-1017
1140,-479489,-478281,-4075866,-608594,-624615,-793,-1017
1145,-482522,-481319,-4097338,-604744,-620769,-789,-1017
1150,-485536,-484339,-4118810,-600894,-616949,-784,-1017
1155,-488531,-487338,-4140282,-597044,-613051,-781,-1017
1160,-491507,-490319,-4161754,-593194,-609205,-776,-1017
1165,-494463,-493280,-4183226,-589344,-605359,-772,-1017
1170,-497400,-496222,-4204698,-585494,-601487,-768,-1017
1175,-500318,-499145,-4226170,-581644,-597667,-764,-1017
1180,-503217,-502049,-4247642,-577794,-593821,-760,-1017
1185,-506096,-504933,-4269114,-573944,-589949,-756,-1017
1190,-508956,-507798,-4290586,-570094,-586103,-752,-1017
1195,-511797,-510644,-4312058,-566244,-582256,-747,-1017
1200,-514619,-513470,-4333530,-562394,-578385,-744,-1017
1205,-517421,-516278,-4355002,-558544,-574564,-739,-1017
1210,-520204,-519066,-4376474,-554694,-570718,-735,-1017
1215,-522968,-521835,-4397946,-550844,-566846,-731,-1017
1220,-525712,-524584,-4419418,-546994,-563000,-727,-1017
1225,-528438,-527315,-4440890,-543144,-559154,-723,-1017
1230,-531144,-530026,-4462362,-539294,-555308,-718,-1017
1235,-533831,-532718,-4483834,-535444,-551462,-714,-1017
1240,-536498,-535390,-4505306,-531594,-547615,-710,-1017
1245,-539147,-538044,-4526778,-527744,-543769,-706,-1017
1250,-541776,-540678,-4548250,-523894,-539923,-702,-1017
1255,-544386,-543292,-4569722,-520044,-536051,-698,-1017
1260,-546976,-545888,-4591194,-516194,-532205,-694,-1017
1265,-549548,-548465,-4612666,-512344,-528385,-689,-1017
1270,-552100,-551021,-4634138,-508494,-524487,-686,-1017
1275,-554633,-553559,-4655610,-504644,-520641,-681,-1017
1280,-557146,-556078,-4677082,-500794,-516821,-677,-1017
1285,-559640,-558577,-4698554,-496944,-512949,-673,-1017
1290,-562116,-561057,-4720026,-493094,-509103,-669,-1017
1295,-564571,-563518,-4741498,-489244,-505256,-665,-1017
1300,-567008,-565960,-4762970,-485394,-501410,-661,-1017
1305,-569425,-568382,-4784442,-481544,-497564,-657,-1017
1310,-571823,-570785,-4805914,-477694,-493718,-652,-1017
1315,-574202,-573169,-4827386,-473844,-489846,-648,-1017
1320,-576562,-575534,-4848858,-469994,-486026,-644,-1017
1325,-578902,-577879,-4870330,-466144,-482154,-640,-1017
1330,-581223,-580205,-4891802,-462294,-478308,-636,-1017
1335,-583525,-582512,-4913274,-458444,-474462,-632,-1017
1340,-585808,-584799,-4934746,-454594,-470590,-628,-1017
1345,-588071,-587068,-4956218,-450744,-466769,-623,-1017
1350,-590315,-589317,-4977690,-446894,-462897,-619,-1017
1355,-592540,-591547,-4999162,-443044,-459051,-615,-1017
1360,-594746,-593757,-5020634,-439194,-455205,-611,-1017
1365,-596932,-595949,-5042106,-435344,-451359,-607,-1017
1370,-599099,-598121,-5063578,-431494,-447513,-603,-1017
1375,-601247,-600273,-5085050,-427644,-443641,-599,-1017
1380,-603376,-602407,-5106522,-423794,-439821,-594,-1017
1385,-605485,-604522,-5127994,-419944,-435974,-590,-1017
1390,-607575,-606617,-5149466,-416094,-432128,-586,-1017
1395,-609646,-608692,-5170938,-412244,-428256,-582,-1017
1400,-611697,-610749,-5192410,-408394,-424410,-578,-1017
1405,-613730,-612786,-5213882,-404544,-420538,-574,-1017
1410,-615743,-614804,-5235354,-400694,-416692,-570,-1017
1415,-617737,-616803,-5256826,-396844,-412846,-566,-1017
1420,-619711,-618783,-5278298,-392994,-409000,-561,-1017
1425,-621667,-620743,-5299770,-389144,-405154,-557,-1017
1430,-623603,-622684,-5321242,-385294,-401308,-553,-1017
1435,-625520,-624606,-5342714,-381444,-397462,-549,-1017
1440,-627417,-626509,-5364186,-377594,-393615,-545,-1017
1445,-629296,-628392,-5385658,-373744,-389744,-541,-1017
1450,-631155,-630256,-5407130,-369894,-385897,-537,-1017
1455,-632995,-632101,-5428602,-366044,-382051,-532,-1017
1460,-634815,-633927,-5450074,-362194,-378205,-528,-1017
1465,-636616,-635733,-5471546,-358344,-374359,-524,-1017
1470,-638399,-637520,-5493018,-354494,-370513,-520,-1017
1475,-640161,-639288,-5514490,-350644,-366667,-516,-1017
1480,-641905,-641036,-5535962,-346794,-362795,-512,-1017
1485,-643629,-642766,-5557434,-342944,-358974,-507,-1017
1490,-645334,-644476,-5578906,-339094,-355128,-503,-1017
1495,-647020,-646167,-5600378,-335244,-351282,-499,-1017
1500,-648687,-647838,-5621850,-331394,-347385,-495,-1017
1505,-650334,-649490,-5643322,-327544,-343538,-491,-1017
1510,-651962,-651124,-5664794,-323694,-339718,-487,-1017
1515,-653571,-652738,-5686266,-319844,-335872,-483,-1017
1520,-655161,-654332,-5707738,-315994,-332000,-479,-1017
1525,-656731,-655907,-5729210,-312144,-328154,-475,-1017
1530,-658282,-657463,-5750682,-308294,-324282,-470,-1017
1535,-659814,-659000,-5772154,-304444,-320436,-466,-1017
1540,-661327,-660518,-5793626,-300594,-316615,-462,-1017
1545,-662820,-662016,-5815098,-296744,-312769,-458,-1017
1550,-664294,-663495,-5836570,-292894,-308897,-454,-1017
1555,-665749,-664955,-5858042,-289044,-305051,-450,-1017
1560,-667185,-666395,-5879514,-285194,-301179,-446,-1017
1565,-668601,-667817,-5900986,-281344,-297359,-441,-1017
1570,-669998,-669219,-5922458,-277494,-293513,-437,-1017
1575,-671376,-670602,-5943930,-273644,-289667,-433,-1017
1580,-672734,-671966,-5965402,-269794,-285795,-429,-1017
1585,-674074,-673310,-5986874,-265944,-281949,-425,-1017
1590,-675394,-674635,-6008346,-262094,-278103,-421,-1017
1595,-676695,-675941,-6029818,-258244,-274256,-417,-1017
1600,-677976,-677227,-6051290,-254394,-270410,-412,-1017
1605,-679239,-678495,-6072762,-250544,-266564,-408,-1017
1610,-680482,-679743,-6094234,-246694,-262718,-404,-1017
1615,-681706,-680972,-6115706,-242844,-258846,-400,-1017
1620,-682910,-682181,-6137178,-238994,-255000,-396,-1017
1625,-684096,-683372,-6158650,-235144,-251154,-392,-1017
1630,-685262,-684543,-6180122,-231294,-247308,-388,-1017
1635,-686409,-685695,-6201594,-227444,-243487,-383,-1017
1640,-687536,-686827,-6223066,-223594,-239615,-379,-1017
1645,-688644,-687940,-6244538,-219744,-235744,-375,-1017
1650,-689734,-689034,-6266010,-215894,-231897,-371,-1017
1655,-690803,-690110,-6287482,-212044,-228077,-367,-1017
1660,-691854,-691165,-6308954,-208194,-224205,-363,-1017
1665,-692885,-692201,-6330426,-204344,-220359,-359,-1017
1670,-693897,-693218,-6351898,-200494,-216487,-355,-1017
1675,-694890,-694216,-6373370,-196644,-212641,-350,-1017
1680,-695864,-695195,-6394842,-192794,-208821,-346,-1017
1685,-696818,-696154,-6416314,-188944,-204949,-342,-1017
1690,-697753,-697094,-6437786,-185094,-201103,-338,-1017
1695,-698669,-698015,-6459258,-181244,-197256,-334,-1017
1700,-699566,-698917,-6480730,-177394,-193410,-330,-1017
1705,-700443,-699799,-6502202,-173544,-189564,-326,-1017
1710,-701301,-700662,-6523674,-169694,-185718,-321,-1017
1715,-702140,-701506,-6545146,-165844,-181846,-317,-1017
1720,-702960,-702331,-6566618,-161994,-178026,-313,-1017
1725,-703760,-703136,-6588090,-158144,-174154,-309,-1017
1730,-704541,-703922,-6609562,-154294,-170308,-305,-1017
1735,-705303,-704689,-6631034,-150444,-166462,-301,-1017
1740,-706046,-705436,-6652506,-146594,-162590,-297,-1017
1745,-706769,-706165,-6673978,-142744,-158769,-292,-1017
1750,-707473,-706874,-6695450,-138894,-154923,-288,-1017
1755,-708158,-707563,-6716922,-135044,-151051,-284,-1017
1760,-708823,-708234,-6738394,-131194,-147205,-280,-1017
1765,-709470,-708886,-6759866,-127344,-143359,-276,-1017
1770,-710097,-709518,-6781338,-123494,-139513,-272,-1017
1775,-710705,-710130,-6802810,-119644,-135641,-268,-1017
1780,-711293,-710724,-6824282,-115794,-131821,-263,-1017
1785,-711863,-711298,-6845754,-111944,-127949,-259,-1017
1790,-712413,-711853,-6867226,-108094,-124103,-255,-1017
1795,-712944,-712389,-6888698,-104244,-120256,-251,-1017
1800,-713455,-712906,-6910170,-100394,-116410,-247,-1017
1805,-713948,-713403,-6931642,-96544,-112538,-243,-1017
1810,-714421,-713881,-6953114,-92694,-108692,-239,-1017
1815,-714874,-714340,-6974586,-88844,-104872,-234,-1017
1820,-715309,-714780,-6996058,-84994,-101026,-230,-1017
1825,-715724,-715200,-7017530,-81144,-97154,-226,-1017
1830,-716121,-715601,-7039002,-77294,-93308,-222,-1017
1835,-716497,-715983,-7060474,-73444,-89462,-218,-1017
1840,-716855,-716346,-7081946,-69594,-85615,-214,-1017
1845,-717193,-716689,-7103418,-65744,-81769,-210,-1017
1850,-717512,-717013,-7124890,-61894,-77897,-205,-1017
1855,-717812,-717318,-7146362,-58044,-74051,-201,-1017
1860,-718093,-717603,-7167834,-54194,-70205,-197,-1017
1865,-718354,-717870,-7189306,-50344,-66359,-193,-1017
1870,-718596,-718117,-7210778,-46494,-62513,-189,-1017
1875,-718819,-718345,-7232250,-42644,-58667,-185,-1017
1880,-719023,-718553,-7253722,-38794,-54795,-181,-1017
1885,-719207,-718742,-7275194,-34944,-50949,-177,-1017
1890,-719372,-718912,-7296666,-31094,-47103,-173,-1017
1895,-719518,-719063,-7318138,-27244,-43256,-168,-1017
1900,-719645,-719195,-7339610,-23394,-39410,-164,-1017
1905,-719752,-719308,-7361082,-19544,-35564,-160,-1017
1910,-719840,-719401,-7382554,-15694,-31718,-156,-1017
1915,-719909,-719474,-7404026,-11844,-27846,-152,-1017
1920,-719959,-719535,-7425498,-7994,-24179,-146,-1017
1925,-719989,-719593,-7446970,-4144,-20897,-154,-1017
1930,-720000,-719653,-7468442,-294,-18179,-137,-1017
1935,-720000,-719698,-7489914,0,-15564,-92,-1017
1940,-720000,-719735,-7511386,0,-13231,-81,-1017
1945,-720000,-719767,-7532858,0,-11256,-71,-1017
1950,-720000,-719795,-7554330,0,-9692,-63,-1017
1955,-720000,-719820,-7575802,0,-8538,-55,-1017
1960,-720000,-719842,-7597274,0,-7564,-49,-1017
1965,-720000,-719862,-7618746,0,-6590,-43,-1017
1970,-720000,-719879,-7640218,0,-5487,-37,-1017
1975,-720000,-719894,-7661690,0,-4821,-33,-1017
1980,-720000,-719907,-7683162,0,-4256,-29,-1017
1985,-720000,-719919,-7704634,0,-3744,-25,-1017
1990,-720000,-719930,-7726106,0,-3333,-22,-1017
1995,-720000,-719939,-7747578,0,-2923,-19,-1017
2000,-720000,-719947,-7769050,0,-2590,-17,-1017
2005,-720000,-719954,-7790522,0,-2282,-15,-1017
2010,-720000,-719961,-7811994,0,-2026,-13,-1017
2015,-720000,-719967,-7833466,0,-1795,-11,-1017
2020,-720000,-719972,-7854938,0,-1590,-10,-1017
2025,-720000,-719976,-7876410,0,-1385,-8,-1017
2030,-720000,-719980,-7897882,0,-1231,-7,-1017
2035,-720000,-719983,-7919354,0,-1077,-6,-1017
2040,-720000,-719986,-7940826,0,-949,-5,-1017
2045,-720000,-719989,-7962298,0,-846,-4,-1017
2050,-720000,-719991,-7983770,0,-744,-4,-1017
2055,-720000,-719994,-8005242,0,-667,-3,-1017
2060,-720000,-719995,-8026714,0,-564,-3,-1017
2065,-720000,-719997,-8048186,0,-513,-2,-1017
2070,-720000,-719999,-8069658,0,-462,-1,-1017
2075,-720000,-720000,-8091130,0,-410,-1,-1017
2080,-720000,-720001,-8112602,0,-359,-1,-1017
2085,-720000,-720002,-8134074,0,-333,-1,-1017
2090,-720000,-720003,-8155546,0,-282,0,-1017
2095,-720000,-720004,-8177018,0,-256,0,-1017
2100,-720000,-720004,-8196555,0,-205,0,19508
2105,-720000,-720005,-8210778,0,-205,0,17235
2110,-720000,-720005,-8220058,0,-154,0,14981
2115,-720000,-720006,-8225004,0,-154,1,13002
2120,-720000,-720006,-8226153,0,-128,1,11269
2125,-720000,-720006,-8224490,0,-103,1,10055
2130,-720000,-720007,-8220373,0,-103,1,8935
2135,-720000,-720007,-8214106,0,-77,1,7954
2140,-720000,-720007,-8205954,0,-51,1,7094
2145,-720000,-720007,-8196152,0,-51,1,6340
2150,-720000,-720007,-8184904,0,-51,1,5679
2155,-720000,-720007,-8172389,0,-26,1,5102
2160,-720000,-720007,-8158765,0,-26,1,4595
2165,-720000,-720007,-8144169,0,-26,1,4151
2170,-720000,-720007,-8128721,0,0,1,3762
2175,-720000,-720007,-8112527,0,0,1,3422
2180,-720000,-720007,-8095679,0,0,1,3123
2185,-720000,-720007,-8078259,0,0,1,2862
2190,-720000,-720007,-8060337,0,0,1,2632
2195,-720000,-720007,-8041975,0,0,1,2432
2200,-720000,-720007,-8023228,0,0,1,2256
2205,-720000,-720007,-8004145,0,0,1,2102
2210,-720000,-720007,-7984767,0,0,1,1967
2215,-720000,-720007,-7965130,0,0,1,1849
2220,-720000,-720007,-7945266,0,0,1,1746
2225,-720000,-720007,-7925203,0,0,1,1655
2230,-720000,-720007,-7904966,0,0,1,1575
2235,-720000,-720007,-7884577,0,0,1,1506
2240,-720000,-720007,-7864055,0,0,1,1445
2245,-720000,-720007,-7843416,0,0,1,1392
2250,-720000,-720007,-7822674,0,0,1,1345
2255,-720000,-720007,-7801842,0,0,1,1304
2260,-720000,-720007,-7780932,0,0,1,1268
2265,-720000,-720007,-7759953,0,0,1,1237
2270,-720000,-720007,-7738913,0,0,1,1209
2275,-720000,-720007,-7717820,0,0,1,1185
2280,-720000,-720007,-7696681,0,0,1,1164
2285,-720000,-720007,-7675501,0,0,1,1145
2290,-720000,-720007,-7654286,0,0,1,1129
2295,-720000,-720007,-7633040,0,0,1,1115
2300,-720000,-720007,-7611767,0,0,1,1102
2305,-720000,-720007,-7590469,0,0,1,1091
2310,-720000,-720007,-7569151,0,0,1,1082
2315,-720000,-720007,-7547814,0,0,1,1073
2320,-720000,-720007,-7526462,0,0,1,1066
2325,-720000,-720007,-7505095,0,0,1,1060
2330,-720000,-720007,-7483716,0,0,1,1054
2335,-720000,-720007,-7462326,0,0,1,1049
2340,-720000,-720007,-7440927,0,0,1,1045
2345,-720000,-720007,-7419520,0,0,1,1041
2350,-720000,-720007,-7398105,0,0,1,1038
2355,-720000,-720007,-7376684,0,0,1,1035
2360,-720000,-720007,-7355257,0,0,1,1032
2365,-720000,-720007,-7333825,0,0,1,1030
2370,-720000,-720007,-7312389,0,0,1,1028
2375,-720000,-720007,-7290950,0,0,1,1026
2380,-720000,-720007,-7269507,0,0,1,1025
2385,-720000,-720007,-7248061,0,0,1,1023
2390,-720000,-720007,-7226613,0,0,1,1022
2395,-720000,-720007,-7205163,0,0,1,1021
2400,-720000,-720007,-7183711,0,0,1,1020
2405,-720000,-720007,-7162257,0,0,1,1020
2410,-720000,-720007,-7140801,0,0,1,1019
2415,-720000,-720007,-7119344,0,0,1,1018
2420,-720000,-720007,-7097886,0,0,1,1018
2425,-720000,-720007,-7076427,0,0,1,1017
2430,-720000,-720007,-7054967,0,0,1,1017
2435,-720000,-720007,-7033506,0,0,1,1017
2440,-720000,-720007,-7012044,0,0,1,1016
2445,-720000,-720007,-6990582,0,0,1,1016
2450,-720000,-720007,-6969119,0,0,1,1016
2455,-720000,-720007,-6947656,0,0,1,1016
2460,-720000,-720007,-6926192,0,0,1,1015
2465,-720000,-720007,-6904728,0,0,1,1015
2470,-720000,-720007,-6883264,0,0,1,1015
2475,-720000,-720007,-6861800,0,0,1,1015
2480,-720000,-720007,-6840335,0,0,1,1015
2485,-720000,-720007,-6818870,0,0,1,1015
2490,-720000,-720007,-6797405,0,0,1,1015
2495,-720000,-720007,-6775940,0,0,1,1015
2500,-720000,-720007,-6754475,0,0,1,1015
2505,-720000,-720007,-6733009,0,0,1,1014
2510,-720000,-720007,-6711543,0,0,1,1014
2515,-720000,-720007,-6690077,0,0,1,1014
2520,-720000,-720007,-6668611,0,0,1,1014
2525,-720000,-720007,-6647145,0,0,1,1014
2530,-720000,-720007,-6625679,0,0,1,1014
2535,-720000,-720007,-6604213,0,0,1,1014
2540,-720000,-720007,-6582747,0,0,1,1014
2545,-720000,-720007,-6561281,0,0,1,1014
2550,-720000,-720007,-6539815,0,0,1,1014
2555,-720000,-720007,-6518349,0,0,1,1014
2560,-720000,-720007,-6496883,0,0,1,1014
2565,-720000,-720007,-6475417,0,0,1,1014
2570,-720000,-720007,-6453951,0,0,1,1014
2575,-720000,-720007,-6432485,0,0,1,1014
2580,-720000,-720007,-6411019,0,0,1,1014
2585,-720000,-720007,-6389553,0,0,1,1014
2590,-720000,-720007,-6368087,0,0,1,1014
2595,-720000,-720007,-6346621,0,0,1,1014
2600,-720000,-720007,-6325155,0,0,1,1014
2605,-720000,-720007,-6303689,0,0,1,1014
2610,-720000,-720007,-6282223,0,0,1,1014
2615,-720000,-720007,-6260757,0,0,1,1014
2620,-720000,-720007,-6239291,0,0,1,1014
2625,-720000,-720007,-6217825,0,0,1,1014
2630,-720000,-720007,-6196359,0,0,1,1014
2635,-720000,-720007,-6174893,0,0,1,1014
2640,-720000,-720007,-6153427,0,0,1,1014
2645,-720000,-720007,-6131961,0,0,1,1014
2650,-720000,-720007,-6110495,0,0,1,1014
2655,-720000,-720007,-6089029,0,0,1,1014
2660,-720000,-720007,-6067563,0,0,1,1014
2665,-720000,-720007,-6046097,0,0,1,1014
2670,-720000,-720007,-6024631,0,0,1,1014
2675,-720000,-720007,-6003165,0,0,1,1014
2680,-720000,-720007,-5981699,0,0,1,1014
2685,-720000,-720007,-5960233,0,0,1,1014
2690,-720000,-720007,-5938767,0,0,1,1014
2695,-720000,-720007,-5917301,0,0,1,1014
2700,-720000,-720007,-5895835,0,0,1,1014
2705,-720000,-720007,-5874369,0,0,1,1014
2710,-720000,-720007,-5852903,0,0,1,1014
2715,-720000,-720007,-5831437,0,0,1,1014
2720,-720000,-720007,-5809971,0,0,1,1014
2725,-720000,-720007,-5788505,0,0,1,1014
2730,-720000,-720007,-5767039,0,0,1,1014
2735,-720000,-720007,-5745573,0,0,1,1014
2740,-720000,-720007,-5724107,0,0,1,1014
2745,-720000,-720007,-5702641,0,0,1,1014
2750,-720000,-720007,-5681175,0,0,1,1014
2755,-720000,-720007,-5659709,0,0,1,1014
2760,-720000,-720007,-5638243,0,0,1,1014
2765,-720000,-720007,-5616777,0,0,1,1014
2770,-720000,-720007,-5595311,0,0,1,1014
2775,-720000,-720007,-5573845,0,0,1,1014
2780,-720000,-720007,-5552379,0,0,1,1014
2785,-720000,-720007,-5530913,0,0,1,1014
2790,-720000,-720007,-5509447,0,0,1,1014
2795,-720000,-720007,-5487981,0,0,1,1014
2800,-720000,-720007,-5466515,0,0,1,1014
2805,-720000,-720007,-5445049,0,0,1,1014
2810,-720000,-720007,-5423583,0,0,1,1014
2815,-720000,-720007,-5402117,0,0,1,1014
2820,-720000,-720007,-5380651,0,0,1,1014
2825,-720000,-720007,-5359185,0,0,1,1014
2830,-720000,-720007,-5337719,0,0,1,1014
2835,-720000,-720007,-5316253,0,0,1,1014
2840,-720000,-720007,-5294787,0,0,1,1014
2845,-720000,-720007,-5273321,0,0,1,1014
2850,-720000,-720007,-5251855,0,0,1,1014
2855,-720000,-720007,-5230389,0,0,1,1014
2860,-720000,-720007,-5208923,0,0,1,1014
2865,-720000,-720007,-5187457,0,0,1,1014
2870,-720000,-720007,-5165991,0,0,1,1014
2875,-720000,-720007,-5144525,0,0,1,1014
2880,-720000,-720007,-5123059,0,0,1,1014
2885,-720000,-720007,-5101593,0,0,1,1014
2890,-720000,-720007,-5080127,0,0,1,1014
2895,-720000,-720007,-5058661,0,0,1,1014
2900,-720000,-720007,-5037195,0,0,1,1014
2905,-720000,-720007,-5015729,0,0,1,1014
2910,-720000,-720007,-4994263,0,0,1,1014
2915,-720000,-720007,-4972797,0,0,1,1014
2920,-720000,-720007,-4951331,0,0,1,1014
2925,-720000,-720007,-4929865,0,0,1,1014
2930,-720000,-720007,-4908399,0,0,1,1014
2935,-720000,-720007,-4886933,0,0,1,1014
2940,-720000,-720007,-4865467,0,0,1,1014
2945,-720000,-720007,-4844001,0,0,1,1014
2950,-720000,-720007,-4822535,0,0,1,1014
2955,-720000,-720007,-4801069,0,0,1,1014
2960,-720000,-720007,-4779603,0,0,1,1014
2965,-720000,-720007,-4758137,0,0,1,1014
2970,-720000,-720007,-4736671,0,0,1,1014
2975,-720000,-720007,-4715205,0,0,1,1014
2980,-720000,-720007,-4693739,0,0,1,1014
2985,-720000,-720007,-4672273,0,0,1,1014
2990,-720000,-720007,-4650807,0,0,1,1014
2995,-720000,-720007,-4629341,0,0,1,1014
3000,-720000,-720007,-4607875,0,0,1,1014
3005,-720000,-720007,-4586409,0,0,1,1014
3010,-720000,-720007,-4564943,0,0,1,1014
3015,-720000,-720007,-4543477,0,0,1,1014
3020,-720000,-720007,-4522011,0,0,1,1014
3025,-720000,-720007,-4500545,0,0,1,1014
3030,-720000,-720007,-4479079,0,0,1,1014
3035,-720000,-720007,-4457613,0,0,1,1014
3040,-720000,-720007,-4436147,0,0,1,1014
3045,-720000,-720007,-4414681,0,0,1,1014
3050,-720000,-720007,-4393215,0,0,1,1014
3055,-720000,-720007,-4371749,0,0,1,1014
3060,-720000,-720007,-4350283,0,0,1,1014
3065,-720000,-720007,-4328817,0,0,1,1014
3070,-720000,-720007,-4307351,0,0,1,1014
3075,-720000,-720007,-4285885,0,0,1,1014
3080,-720000,-720007,-4264419,0,0,1,1014
3085,-720000,-720007,-4242953,0,0,1,1014
3090,-720000,-720007,-4221487,0,0,1,1014
3095,-720000,-720007,-4200021,0,0,1,1014
3100,-720000,-720007,-4178555,0,0,1,1014
3105,-720000,-720007,-4157089,0,0,1,1014
3110,-720000,-720007,-4135623,0,0,1,1014
3115,-720000,-720007,-4114157,0,0,1,1014
3120,-720000,-720007,-4092691,0,0,1,1014
3125,-720000,-720007,-4071225,0,0,1,1014
3130,-720000,-720007,-4049759,0,0,1,1014
3135,-720000,-720007,-4028293,0,0,1,1014
3140,-720000,-720007,-4006827,0,0,1,1014
3145,-720000,-720007,-3985361,0,0,1,1014
3150,-720000,-720007,-3963895,0,0,1,1014
3155,-720000,-720007,-3942429,0,0,1,1014
3160,-720000,-720007,-3920963,0,0,1,1014
3165,-720000,-720007,-3899497,0,0,1,1014
3170,-720000,-720007,-3878031,0,0,1,1014
3175,-720000,-720007,-3856565,0,0,1,1014
3180,-720000,-720007,-3835099,0,0,1,1014
3185,-720000,-720007,-3813633,0,0,1,1014
3190,-720000,-720007,-3792167,0,0,1,1014
3195,-720000,-720007,-3770701,0,0,1,1014
3200,-720000,-720007,-3749235,0,0,1,1014
3205,-720000,-720007,-3727769,0,0,1,1014
3210,-720000,-720007,-3706303,0,0,1,1014
3215,-720000,-720007,-3684837,0,0,1,1014
3220,-720000,-720007,-3663371,0,0,1,1014
3225,-720000,-720007,-3641905,0,0,1,1014
3230,-720000,-720007,-3620439,0,0,1,1014
3235,-720000,-720007,-3598973,0,0,1,1014
3240,-720000,-720007,-3577507,0,0,1,1014
3245,-720000,-720007,-3556041,0,0,1,1014
3250,-720000,-720007,-3534575,0,0,1,1014
3255,-720000,-720007,-3513109,0,0,1,1014
3260,-720000,-720007,-3491643,0,0,1,1014
3265,-720000,-720007,-3470177,0,0,1,1014
3270,-720000,-720007,-3448711,0,0,1,1014
3275,-720000,-720007,-3427245,0,0,1,1014
3280,-720000,-720007,-3405779,0,0,1,1014
3285,-720000,-720007,-3384313,0,0,1,1014
3290,-720000,-720007,-3362847,0,0,1,1014
3295,-720000,-720007,-3341381,0,0,1,1014
3300,-720000,-720007,-3319915,0,0,1,1014
3305,-720000,-720007,-3298449,0,0,1,1014
3310,-720000,-720007,-3276983,0,0,1,1014
3315,-720000,-720007,-3255517,0,0,1,1014
3320,-720000,-720007,-3234051,0,0,1,1014
3325,-720000,-720007,-3212585,0,0,1,1014
3330,-720000,-720007,-3191119,0,0,1,1014
3335,-720000,-720007,-3169653,0,0,1,1014
3340,-720000,-720007,-3148187,0,0,1,1014
3345,-720000,-720007,-3126721,0,0,1,1014
3350,-720000,-720007,-3105255,0,0,1,1014
3355,-720000,-720007,-3083789,0,0,1,1014
3360,-720000,-720007,-3062323,0,0,1,1014
3365,-720000,-720007,-3040857,0,0,1,1014
3370,-720000,-720007,-3019391,0,0,1,1014
3375,-720000,-720007,-2997925,0,0,1,1014
3380,-720000,-720007,-2976459,0,0,1,1014
3385,-720000,-720007,-2954993,0,0,1,1014
3390,-720000,-720007,-2933527,0,0,1,1014
3395,-720000,-720007,-2912061,0,0,1,1014
3400,-720000,-720007,-2890595,0,0,1,1014
3405,-720000,-720007,-2869129,0,0,1,1014
3410,-720000,-720007,-2847663,0,0,1,1014
3415,-720000,-720007,-2826197,0,0,1,1014
3420,-720000,-720007,-2804731,0,0,1,1014
3425,-720000,-720007,-2783265,0,0,1,1014
3430,-720000,-720007,-2761799,0,0,1,1014
3435,-720000,-720007,-2740333,0,0,1,1014
3440,-720000,-720007,-2718867,0,0,1,1014
3445,-720000,-720007,-2697401,0,0,1,1014
3450,-720000,-720007,-2675935,0,0,1,1014
3455,-720000,-720007,-2654469,0,0,1,1014
3460,-720000,-720007,-2633003,0,0,1,1014
3465,-720000,-720007,-2611537,0,0,1,1014
3470,-720000,-720007,-2590071,0,0,1,1014
3475,-720000,-720007,-2568605,0,0,1,1014
3480,-720000,-720007,-2547139,0,0,1,1014
3485,-720000,-720007,-2525673,0,0,1,1014
3490,-720000,-720007,-2504207,0,0,1,1014
3495,-720000,-720007,-2482741,0,0,1,1014
3500,-720000,-720007,-2461275,0,0,1,1014
3505,-720000,-720007,-2439809,0,0,1,1014
3510,-720000,-720007,-2418343,0,0,1,1014
3515,-720000,-720007,-2396877,0,0,1,1014
3520,-720000,-720007,-2375411,0,0,1,1014
3525,-720000,-720007,-2353945,0,0,1,1014
3530,-720000,-720007,-2332479,0,0,1,1014
3535,-720000,-720007,-2311013,0,0,1,1014
3540,-720000,-720007,-2289547,0,0,1,1014
3545,-720000,-720007,-2268081,0,0,1,1014
3550,-720000,-720007,-2246615,0,0,1,1014
3555,-720000,-720007,-2225149,0,0,1,1014
3560,-720000,-720007,-2203683,0,0,1,1014
3565,-720000,-720007,-2182217,0,0,1,1014
3570,-720000,-720007,-2160751,0,0,1,1014
3575,-720000,-720007,-2139285,0,0,1,1014
3580,-720000,-720007,-2117819,0,0,1,1014
3585,-720000,-720007,-2096353,0,0,1,1014
3590,-720000,-720007,-2074887,0,0,1,1014
3595,-720000,-720007,-2053421,0,0,1,1014
3600,-720000,-720007,-2031955,0,0,1,1014
3605,-720000,-720007,-2010489,0,0,1,1014
3610,-720000,-720007,-1989023,0,0,1,1014
3615,-720000,-720007,-1967557,0,0,1,1014
3620,-720000,-720007,-1946091,0,0,1,1014
3625,-720000,-720007,-1924625,0,0,1,1014
3630,-720000,-720007,-1903159,0,0,1,1014
3635,-720000,-720007,-1881693,0,0,1,1014
3640,-720000,-720007,-1860227,0,0,1,1014
3645,-720000,-720007,-1838761,0,0,1,1014
3650,-720000,-720007,-1817295,0,0,1,1014
3655,-720000,-720007,-1795829,0,0,1,1014
3660,-720000,-720007,-1774363,0,0,1,1014
3665,-720000,-720007,-1752897,0,0,1,1014
3670,-720000,-720007,-1731431,0,0,1,1014
3675,-720000,-720007,-1709965,0,0,1,1014
3680,-720000,-720007,-1688499,0,0,1,1014
3685,-720000,-720007,-1667033,0,0,1,1014
3690,-720000,-720007,-1645567,0,0,1,1014
3695,-720000,-720007,-1624101,0,0,1,1014
3700,-720000,-720007,-1602635,0,0,1,1014
3705,-720000,-720007,-1581169,0,0,1,1014
3710,-720000,-720007,-1559703,0,0,1,1014
3715,-720000,-720007,-1538237,0,0,1,1014
3720,-720000,-720007,-1516771,0,0,1,1014
3725,-720000,-720007,-1495305,0,0,1,1014
3730,-720000,-720007,-1473839,0,0,1,1014
3735,-720000,-720007,-1452373,0,0,1,1014
3740,-720000,-720007,-1430907,0,0,1,1014
3745,-720000,-720007,-1409441,0,0,1,1014
3750,-720000,-720007,-1387975,0,0,1,1014
3755,-720000,-720007,-1366509,0,0,1,1014
3760,-720000,-720007,-1345043,0,0,1,1014
3765,-720000,-720007,-1323577,0,0,1,1014
3770,-720000,-720007,-1302111,0,0,1,1014
3775,-720000,-720007,-1280645,0,0,1,1014
3780,-720000,-720007,-1259179,0,0,1,1014
3785,-720000,-720007,-1237713,0,0,1,1014
3790,-720000,-720007,-1216247,0,0,1,1014
3795,-720000,-720007,-1194781,0,0,1,1014
3800,-720000,-720007,-1173315,0,0,1,1014
3805,-720000,-720007,-1151849,0,0,1,1014
3810,-720000,-720007,-1130383,0,0,1,1014
3815,-720000,-720007,-1108917,0,0,1,1014
3820,-720000,-720007,-1087451,0,0,1,1014
3825,-720000,-720007,-1065985,0,0,1,1014
3830,-720000,-720007,-1044519,0,0,1,1014
3835,-720000,-720007,-1023053,0,0,1,1014
3840,-720000,-720007,-1001587,0,0,1,1014
3845,-720000,-720007,-980121,0,0,1,1014
3850,-720000,-720007,-958655,0,0,1,1014
3855,-720000,-720007,-937189,0,0,1,1014
3860,-720000,-720007,-915723,0,0,1,1014
3865,-720000,-720007,-894257,0,0,1,1014
3870,-720000,-720007,-872791,0,0,1,1014
3875,-720000,-720007,-851325,0,0,1,1014
3880,-720000,-720007,-829859,0,0,1,1014
3885,-720000,-720007,-808393,0,0,1,1014
3890,-720000,-720007,-786927,0,0,1,1014
3895,-720000,-720007,-765461,0,0,1,1014
3900,-720000,-720007,-744292,0,0,1,-2132
3905,-720000,-720007,-724279,0,0,1,-5404
3910,-720000,-720007,-706273,0,0,1,-7984
3915,-720000,-720007,-690840,0,0,1,-8764
3920,-720000,-720007,-678283,0,0,1,-10219
3925,-720000,-720007,-668938,0,0,1,-11011
3930,-720000,-720007,-662975,0,0,1,-11152
3935,-720000,-720007,-660383,0,0,1,-10689
3940,-720000,-720007,-660988,0,0,1,-9698
3945,-720000,-720007,-663964,0,0,1,-8582
3950,-720000,-720007,-668946,0,0,1,-7136
3955,-720000,-720007,-675516,0,0,1,-5518
3960,-720000,-720007,-683214,0,0,1,-3825
3965,-720000,-720007,-691566,0,0,1,-2144
3970,-720000,-720007,-700107,0,0,1,-558
3975,-720000,-720007,-708406,0,0,1,866
3980,-720000,-720007,-716081,0,0,1,2072
3985,-720000,-720007,-722829,0,0,1,2881
3990,-720000,-720007,-728513,0,0,1,2674
3995,-720000,-720007,-733138,0,0,1,2906
TRACE END
