TRACE BEGIN axis=1 rows=800 kp=0.0003 ki=8e-07 kv=1.2e-06 kd=0 kff=0 ff=1 pwm=25000 target=720 duration=4 vmax=1100 accel=2200 vscale=1 ascale=0.35 vsrc=1 vwin=40 valpha=0.05
t_ms,ref_mdeg,enc_mdeg,hat_mdeg,vref_mdegs,what_mdegs,duty_milli,cur_01ma
0,0,0,0,0,0,41,0
5,10,34,45,3850,872,109,479
10,39,77,161,7700,1974,107,682
15,130,122,297,14134,3128,126,693
20,210,173,444,17984,4436,137,799
25,310,229,609,21834,5872,153,872
30,428,293,792,25684,7513,172,972
35,566,383,997,29534,9821,189,1089
40,724,523,1235,33384,13359,197,1172
45,900,709,1522,37234,17077,197,1188
50,1096,921,1860,41084,21410,194,1157
55,1311,1142,2239,44934,25897,195,1123
60,1545,1369,2652,48784,30385,200,1111
65,1799,1609,3098,52634,35077,207,1124
70,2072,1870,3581,56484,40051,213,1145
75,2364,2156,4106,60334,44846,217,1156
80,2675,2465,4674,64184,48923,221,1155
85,3006,2794,5286,68034,52410,224,1147
90,3355,3140,5939,71884,55795,228,1138
95,3724,3504,6631,75734,59436,232,1135
100,4113,3886,7360,79584,63359,236,1134
105,4520,4287,8128,83434,67385,241,1134
110,4947,4709,8933,87284,71385,245,1132
115,5393,5151,9775,91134,75256,249,1126
120,5858,5611,10652,94984,79026,253,1122
125,6343,6091,11564,98834,82795,257,1117
130,6847,6590,12506,102684,86641,261,1102
135,7370,7108,13473,106534,90513,265,1043
140,7912,7645,14447,110384,94385,270,989
145,8474,8201,15415,114234,98231,274,944
150,9055,8777,16365,118084,102077,278,908
155,9655,9372,17287,121934,105923,282,884
160,10274,9987,18176,125784,109769,286,870
165,10912,10620,19028,129634,113615,290,867
170,11570,11273,19844,133484,117462,294,876
175,12247,11945,20626,137334,121308,299,890
180,12944,12637,21381,141184,125179,303,915
185,13659,13347,22113,145034,129026,307,943
190,14394,14077,22834,148884,132872,311,976
195,15148,14826,23551,152734,136718,315,1010
200,15921,15594,24274,156584,140564,319,1042
205,16714,16382,25011,160434,144436,323,1074
210,17526,17188,25772,164284,148256,328,1102
215,18357,18015,26563,168134,152128,332,1128
220,19207,18860,27392,171984,155974,336,1148
225,20076,19725,28263,175834,159846,340,1160
230,20965,20609,29180,179684,163692,344,1168
235,21873,21512,30145,183534,167538,348,1171
240,22801,22434,31158,187384,171385,352,1169
245,23747,23375,32218,191234,175205,357,1161
250,24713,24336,33322,195084,179077,361,1150
255,25698,25316,34467,198934,182923,365,1135
260,26702,26316,35649,202784,186795,369,1119
265,27726,27334,36864,206634,190615,373,1102
270,28769,28372,38107,210484,194462,377,1085
275,29831,29430,39372,214334,198359,400,1067
280,30912,30521,40658,218184,202564,381,1096
285,32013,31616,41963,222034,206410,385,1007
290,33132,32728,43274,225884,210179,409,1048
295,34271,33883,44600,229734,214564,388,1059
300,35430,35030,45933,233584,218256,394,947
305,36607,36195,47261,237434,221923,419,1035
310,37804,37409,48602,241284,226333,398,1085
315,39020,38619,49952,245134,230077,420,926
320,40255,39842,51294,248984,233410,427,1039
325,41510,41107,52648,252834,237718,426,1075
330,42784,42385,54017,256684,241744,410,999
335,44077,43658,55387,260534,244744,437,1005
340,45389,44968,56766,264384,248923,440,1091
345,46721,46308,58170,268234,253154,440,1086
350,48071,47663,59597,272084,256692,442,1068
355,49441,49029,61042,275934,260744,445,1060
360,50831,50409,62505,279784,264513,451,1067
365,52239,51808,63989,283634,267821,457,1086
370,53667,53230,65498,287484,271590,461,1100
375,55114,54675,67035,291334,275846,464,1102
380,56580,56138,68601,295184,279590,468,1094
385,58066,57619,70193,299034,283103,472,1092
390,59571,59119,71810,302884,286769,477,1092
395,61095,60638,73453,306734,290615,481,1091
400,62638,62177,75121,310584,294615,484,1087
405,64201,63734,76814,314434,298564,489,1081
410,65782,65310,78529,318284,302385,493,1077
415,67384,66906,80266,322134,306154,497,1074
420,69004,68522,82024,325984,309974,501,1070
425,70643,70157,83801,329834,313846,505,1065
430,72302,71811,85596,333684,317692,509,1062
435,73980,73484,87409,337534,321538,514,1059
440,75677,75176,89238,341384,325359,518,1056
445,77394,76887,91083,345234,329205,522,1055
450,79130,78618,92943,349084,333077,526,1055
455,80885,80368,94819,352934,336923,530,1054
460,82659,82138,96710,356784,340795,534,1054
465,84453,83926,98616,360634,344615,539,1057
470,86266,85734,100538,364484,348462,543,1059
475,88098,87561,102477,368334,352333,547,1060
480,89949,89407,104433,372184,356179,551,1064
485,91819,91273,106406,376034,360026,555,1065
490,93709,93158,108398,379884,363872,559,1068
495,95618,95062,110409,383734,367718,563,1070
500,97547,96986,112440,387584,371590,567,1071
505,99494,98928,114491,391434,375436,572,1073
510,101461,100890,116563,395284,379282,576,1074
515,103447,102871,118657,399134,383128,580,1075
520,105452,104871,120772,402984,386974,584,1076
525,107477,106891,122908,406834,390846,588,1075
530,109521,108929,125065,410684,394667,593,1075
535,111584,110988,127243,414534,398538,596,1075
540,113666,113065,129442,418384,402359,601,1074
545,115767,115162,131662,422234,406231,605,1073
550,117888,117277,133901,426084,410077,609,1072
555,120028,119412,136160,429934,413923,613,1070
560,122188,121566,138439,433784,417769,617,1070
565,124366,123740,140738,437634,421615,621,1068
570,126564,125933,143056,441484,425462,626,1067
575,128781,128146,145393,445334,429359,629,1068
580,131017,130377,147749,449184,433179,634,1066
585,133273,132627,150123,453034,437026,638,1067
590,135548,134897,152516,456884,440872,642,1067
595,137842,137186,154928,460734,444744,646,1067
600,140155,139494,157358,464584,448564,650,1065
605,142488,141822,159806,468434,452436,654,1066
610,144839,144169,162272,472284,456282,658,1066
615,147210,146535,164757,476134,460128,663,1066
620,149601,148920,167260,479984,463974,667,1067
625,152010,151325,169782,483834,467846,671,1067
630,154439,153748,172322,487684,471667,675,1068
635,156887,156191,174881,491534,475513,679,1068
640,159354,158654,177459,495384,479385,683,1069
645,161841,161136,180057,499234,483231,687,1068
650,164347,163636,182674,503084,487077,692,1069
655,166872,166156,185311,506934,490923,696,1070
660,169416,168696,187967,510784,494795,700,1071
665,171980,171254,190643,514634,498615,704,1071
670,174562,173832,193339,518484,502487,708,1071
675,177164,176429,196055,522334,506333,712,1071
680,179786,179046,198791,526184,510179,716,1071
685,182426,181681,201547,530034,514026,721,1070
690,185086,184336,204322,533884,517872,725,1071
695,187765,187010,207117,537734,521718,729,1070
700,190463,189703,209932,541584,525564,733,1069
705,193181,192416,212766,545434,529436,737,1068
710,195918,195148,215619,549284,533282,741,1069
715,198674,197899,218491,553134,537128,745,1068
720,201449,200669,221382,556984,540974,750,1068
725,204244,203459,224293,560834,544846,754,1067
730,207057,206267,227222,564684,548667,758,1069
735,209891,209096,230170,568534,552538,762,1068
740,212743,211943,233137,572384,556385,766,1068
745,215614,214810,236124,576234,560231,770,1068
750,218505,217695,239129,580084,564077,775,1068
755,221415,220600,242153,583934,567923,779,1068
760,224345,223525,245196,587784,571769,783,1068
765,227293,226468,248259,591634,575615,787,1069
770,230261,229431,251341,595484,579487,791,1069
775,233248,232413,254441,599334,583308,795,1068
780,236254,235415,257561,603184,587179,799,1070
785,239280,238435,260700,607034,591026,803,1068
790,242325,241475,263859,610884,594872,807,1069
795,245389,244534,267037,614734,598718,812,1070
800,248472,247612,270235,618584,602564,816,1070
805,251574,250710,273452,622434,606436,820,1070
810,254696,253827,276688,626284,610282,824,1068
815,257837,256963,279944,630134,614128,828,1070
820,260998,260118,283219,633984,617974,832,1068
825,264177,263293,286514,637834,621821,836,1070
830,267376,266486,289827,641684,625667,841,1069
835,270594,269700,293160,645534,629538,845,1070
840,273831,272932,296513,649384,633385,849,1069
845,277088,276184,299885,653234,637231,853,1069
850,280364,279455,303275,657084,641077,857,1068
855,283659,282745,306685,660934,644923,861,1069
860,286973,286054,310114,664784,648795,865,1069
865,290307,289382,313562,668634,652615,870,1069
870,293659,292730,317030,672484,656487,874,1069
875,297031,296097,320516,676334,660308,878,1069
880,300423,299484,324022,680184,664179,882,1068
885,303833,302889,327547,684034,668026,886,1068
890,307263,306314,331091,687884,671872,890,1070
895,310712,309758,334653,691734,675718,894,1069
900,314180,313222,338235,695584,679590,898,1069
905,317668,316704,341836,699434,683436,903,1070
910,321175,320206,345457,703284,687282,907,1069
915,324701,323727,349097,707134,691128,911,1069
920,328246,327267,352757,710984,694949,915,1070
925,331811,330827,356436,714834,698821,919,1070
930,335394,334406,360134,718684,702692,923,1071
935,338997,338004,363852,722534,706538,927,1070
940,342620,341621,367590,726384,710359,932,1070
945,346261,345258,371346,730234,714231,936,1069
950,349922,348914,375122,734084,718077,940,1069
955,353602,352589,378917,737934,721949,944,1069
960,357301,356283,382731,741784,725769,948,1070
965,361019,359993,386565,743526,729538,867,1069
970,364727,363594,390366,739676,730000,891,525
975,368415,367127,394059,735826,728231,933,721
980,372085,370712,397694,731976,727308,952,977
985,375735,374370,401328,728126,727744,942,1066
990,379366,378053,404972,724276,728359,918,981
995,382978,381699,408597,720426,727513,902,841
1000,386570,385288,412172,716576,724718,899,768
1005,390144,388838,415685,712726,720821,903,786
1010,393698,392374,419142,708876,719821,902,840
1015,397232,395904,422555,705026,719641,897,862
1020,400748,399419,425928,701176,717462,892,861
1025,404244,402916,429264,697326,713051,890,875
1030,407721,406398,432566,693476,708000,887,901
1035,411179,409866,435843,689626,703718,882,924
1040,414617,413316,439098,685776,700385,876,928
1045,418037,416742,442332,681926,697333,870,925
1050,421437,420143,445545,678076,693897,866,932
1055,424817,423523,448740,674226,690128,864,950
1060,428179,426886,451923,670376,686333,861,968
1065,431521,430233,455098,666526,682538,857,981
1070,434844,433563,458267,662676,678718,852,983
1075,438148,436874,461430,658826,674769,847,980
1080,441432,440164,464587,654976,670769,843,977
1085,444698,443434,467737,651126,666923,839,973
1090,447944,446684,470879,647276,663179,835,968
1095,451170,449916,474012,643426,659462,831,962
1100,454378,453128,477132,639576,655692,827,954
1105,457566,456320,480239,635726,651769,823,948
1110,460735,459494,483332,631876,647872,819,941
1115,463885,462650,486406,628026,644026,814,934
1120,467015,465786,489461,624176,640179,810,926
1125,470127,468902,492495,620326,636308,806,918
1130,473219,471998,495505,616476,632462,802,915
1135,476291,475076,498491,612626,628615,798,913
1140,479345,478135,501451,608776,624795,794,909
1145,482379,481174,504386,604926,620949,790,908
1150,485394,484194,507295,601076,617103,785,909
1155,488390,487195,510178,597226,613256,781,911
1160,491367,490176,513037,593376,609385,777,913
1165,494324,493139,515871,589526,605538,773,916
1170,497262,496081,518681,585676,601692,769,918
1175,500181,499005,521469,581826,597846,765,924
1180,503080,501910,524236,577976,594000,761,928
1185,505960,504795,526983,574126,590154,756,931
1190,508821,507661,529710,570276,586282,752,933
1195,511663,510508,532419,566426,582462,748,937
1200,514486,513335,535109,562576,578590,744,939
1205,517289,516144,537782,558726,574744,740,940
1210,520073,518932,540438,554876,570872,736,942
1215,522838,521702,543078,551026,567026,732,944
1220,525583,524452,545703,547176,563179,728,943
1225,528309,527184,548312,543326,559333,723,944
1230,531016,529896,550905,539476,555487,719,942
1235,533704,532589,553482,535626,551641,715,941
1240,536373,535262,556042,531776,547769,711,940
1245,539022,537917,558585,527926,543949,707,938
1250,541652,540552,561110,524076,540103,703,935
1255,544263,543168,563617,520226,536256,698,933
1260,546854,545764,566105,516376,532410,694,930
1265,549426,548341,568573,512526,528538,690,929
1270,551979,550899,571021,508676,524692,686,928
1275,554513,553438,573449,504826,520846,682,926
1280,557028,555957,575856,500976,516974,678,925
1285,559523,558457,578242,497126,513128,674,926
1290,561999,560938,580608,493276,509282,670,925
1295,564456,563400,582953,489426,505436,666,925
1300,566893,565843,585277,485576,501590,661,926
1305,569311,568266,587579,481726,497744,657,926
1310,571710,570670,589861,477876,493897,653,927
1315,574090,573055,592122,474026,490051,649,928
1320,576451,575420,594363,470176,486179,645,929
1325,578792,577767,596584,466326,482359,640,929
1330,581114,580094,598785,462476,478513,636,931
1335,583417,582401,600968,458626,474641,632,932
1340,585700,584690,603131,454776,470795,628,933
1345,587965,586959,605275,450926,466949,624,934
1350,590210,589209,607401,447076,463103,620,935
1355,592435,591440,609509,443226,459256,616,936
1360,594642,593651,611598,439376,455385,612,934
1365,596829,595844,613669,435526,451538,607,935
1370,598997,598017,615722,431676,447692,603,933
1375,601146,600170,617757,427826,443846,599,933
1380,603275,602305,619773,423976,440000,595,934
1385,605386,604420,621770,420126,436154,591,933
1390,607477,606516,623749,416276,432308,587,933
1395,609548,608593,625709,412426,428462,583,931
1400,611601,610650,627650,408576,424590,579,932
1405,613634,612689,629572,404726,420744,574,931
1410,615648,614707,631475,400876,416872,570,931
1415,617643,616707,633358,397026,413026,566,930
1420,619618,618688,635221,393176,409205,562,928
1425,621575,620649,637064,389326,405333,558,929
1430,623512,622591,638888,385476,401487,554,930
1435,625429,624514,640692,381626,397641,550,930
1440,627328,626417,642477,377776,393769,545,930
1445,629207,628302,644242,373926,389949,541,929
1450,631067,630167,645987,370076,386103,537,930
1455,632908,632012,647713,366226,382231,533,930
1460,634729,633839,649420,362376,378385,529,930
1465,636532,635646,651107,358526,374538,525,930
1470,638315,637434,652774,354676,370692,521,931
1475,640078,639203,654423,350826,366846,516,930
1480,641823,640952,656052,346976,362974,512,931
1485,643548,642682,657662,343126,359128,508,930
1490,645254,644393,659252,339276,355282,504,932
1495,646941,646085,660824,335426,351436,500,932
1500,648609,647758,662376,331576,347590,496,931
1505,650257,649411,663909,327726,343744,492,932
1510,651886,651045,665423,323876,339897,487,930
1515,653496,652660,666918,320026,336051,483,931
1520,655086,654255,668394,316176,332179,479,931
1525,656657,655831,669851,312326,328333,475,931
1530,658209,657388,671288,308476,324487,471,931
1535,659742,658926,672706,304626,320641,467,930
1540,661256,660445,674104,300776,316795,463,932
1545,662750,661944,675484,296926,312949,459,931
1550,664225,663424,676845,293076,309077,454,931
1555,665681,664885,678186,289226,305256,450,930
1560,667117,666326,679508,285376,301385,446,930
1565,668534,667748,680810,281526,297538,442,931
1570,669932,669151,682094,277676,293667,438,931
1575,671311,670535,683359,273826,289846,434,932
1580,672671,671900,684604,269976,286000,430,930
1585,674011,673245,685830,266126,282154,425,930
1590,675332,674571,687037,262276,278282,421,930
1595,676634,675878,688225,258426,274436,417,930
1600,677916,677165,689393,254576,270590,413,931
1605,679179,678433,690542,250726,266718,409,930
1610,680423,679683,691671,246876,262897,405,931
1615,681648,680912,692781,243026,259026,401,930
1620,682854,682123,693872,239176,255205,396,930
1625,684040,683314,694944,235326,251333,392,929
1630,685207,684486,695996,231476,247487,388,930
1635,686355,685638,697029,227626,243615,384,930
1640,687483,686772,698043,223776,239795,380,931
1645,688592,687886,699038,219926,235923,376,931
1650,689682,688981,700013,216076,232077,372,930
1655,690753,690057,700969,212226,228231,368,931
1660,691805,691114,701906,208376,224410,363,930
1665,692837,692151,702824,204526,220538,359,929
1670,693850,693169,703723,200676,216692,355,931
1675,694844,694167,704602,196826,212821,351,931
1680,695818,695147,705462,192976,208974,347,931
1685,696774,696107,706303,189126,205128,343,930
1690,697710,697048,707125,185276,201282,339,930
1695,698626,697970,707928,181426,197436,335,931
1700,699524,698873,708711,177576,193590,330,930
1705,700402,699756,709475,173726,189744,326,929
1710,701261,700620,710219,169876,185897,322,930
1715,702101,701465,710944,166026,182051,318,930
1720,702921,702290,711650,162176,178179,314,931
1725,703723,703096,712337,158326,174333,310,930
1730,704505,703883,713004,154476,170487,306,929
1735,705267,704651,713652,150626,166641,301,931
1740,706011,705400,714281,146776,162795,297,930
1745,706735,706129,714891,142926,158949,293,929
1750,707440,706839,715481,139076,155103,289,930
1755,708126,707529,716051,135226,151231,285,931
1760,708792,708201,716603,131376,147385,281,931
1765,709440,708853,717136,127526,143538,277,931
1770,710068,709486,717650,123676,139692,272,930
1775,710676,710100,718144,119826,135846,268,929
1780,711266,710695,718619,115976,132000,264,930
1785,711836,711270,719075,112126,128154,260,929
1790,712387,711826,719512,108276,124308,256,932
1795,712919,712362,719929,104426,120436,252,930
1800,713431,712880,720327,100576,116590,248,929
1805,713925,713378,720706,96726,112744,243,931
1810,714399,713857,721066,92876,108872,239,929
1815,714853,714317,721406,89026,105026,235,931
1820,715289,714758,721727,85176,101205,231,929
1825,715705,715179,722028,81326,97359,227,930
1830,716102,715580,722311,77476,93487,223,930
1835,716480,715963,722574,73626,89615,219,930
1840,716838,716327,722818,69776,85795,214,931
1845,717178,716671,723043,65926,81923,210,930
1850,717498,716996,723248,62076,78077,206,929
1855,717798,717302,723436,58226,74231,202,928
1860,718080,717588,723618,54376,70385,198,921
1865,718342,717855,723801,50526,66513,194,911
1870,718585,718104,723980,46676,62718,189,895
1875,718809,718332,724155,42826,58846,186,878
1880,719014,718542,724328,38976,55000,181,858
1885,719199,718732,724496,35126,51128,177,835
1890,719365,718903,724659,31276,47282,173,810
1895,719512,719055,724817,27426,43436,169,785
1900,719639,719187,724969,23576,39590,165,752
1905,719747,719301,725115,19726,35744,161,721
1910,719836,719395,725254,15876,31897,156,688
1915,719906,719469,725386,12026,28026,153,651
1920,719957,719530,725511,8176,24308,146,613
1925,719988,719587,725626,4326,21000,136,557
1930,720000,719645,725735,476,18205,139,549
1935,720000,719690,725826,0,15564,94,367
1940,720000,719726,725880,0,13205,83,196
1945,720000,719758,725910,0,11205,74,127
1950,720000,719786,725927,0,9615,65,69
1955,720000,719810,725934,0,8410,58,18
1960,720000,719832,725930,0,7436,52,-26
1965,720000,719852,725920,0,6513,46,-61
1970,720000,719869,725903,0,5462,40,-92
1975,720000,719884,725879,0,4795,36,-119
1980,720000,719897,725851,0,4231,32,-139
1985,720000,719909,725820,0,3744,28,-158
1990,720000,719919,725784,0,3282,25,-172
1995,720000,719929,725747,0,2923,22,-184
2000,720000,719937,725707,0,2590,20,-194
2005,720000,719944,725667,0,2282,18,-201
2010,720000,719950,725624,0,2000,16,-205
2015,720000,719956,725580,0,1769,14,-208
2020,720000,719961,725537,0,1564,13,-212
2025,720000,719965,725493,0,1385,12,-212
2030,720000,719969,725449,0,1231,10,-212
2035,720000,719972,725405,0,1077,10,-211
2040,720000,719975,725361,0,949,9,-209
2045,720000,719978,725318,0,846,8,-206
2050,720000,719980,725274,0,744,7,-204
2055,720000,719983,725232,0,667,6,-201
2060,720000,719984,725190,0,564,6,-196
2065,720000,719986,725150,0,513,5,-192
2070,720000,719987,725111,0,436,5,-188
2075,720000,719988,725072,0,385,5,-183
2080,720000,719990,725034,0,359,4,-179
2085,720000,719991,724997,0,308,4,-174
2090,720000,719991,724961,0,256,4,-171
2095,720000,719992,724926,0,231,4,-170
2100,720000,719993,724891,0,205,3,-169
2105,720000,719993,724856,0,179,3,-169
2110,720000,719994,724821,0,179,3,-167
2115,720000,719994,724786,0,128,3,-167
2120,720000,719994,724752,0,103,3,-167
2125,720000,719994,724717,0,77,3,-165
2130,720000,719995,724682,0,77,3,-165
2135,720000,719995,724647,0,77,3,-163
2140,720000,719995,724612,0,51,3,-162
2145,720000,719996,724578,0,77,2,-162
2150,720000,719996,724544,0,51,2,-162
2155,720000,719996,724510,0,51,2,-160
2160,720000,719997,724476,0,77,2,-161
2165,720000,719997,724443,0,51,2,-161
2170,720000,719997,724409,0,51,2,-160
2175,720000,719998,724375,0,77,2,-159
2180,720000,719998,724341,0,51,2,-158
2185,720000,719998,724308,0,51,2,-157
2190,720000,719999,724275,0,77,1,-155
2195,720000,719998,724242,0,51,2,-155
2200,720000,719998,724209,0,26,2,-154
2205,720000,719999,724176,0,51,1,-152
2210,720000,719999,724144,0,51,1,-150
2215,720000,719998,724112,0,0,2,-151
2220,720000,719998,724080,0,0,2,-150
2225,720000,719999,724049,0,26,1,-148
2230,720000,719999,724019,0,26,1,-147
2235,720000,719998,723989,0,0,2,-146
2240,720000,719998,723959,0,-26,2,-144
2245,720000,719999,723928,0,0,1,-142
2250,720000,719999,723897,0,26,1,-142
2255,720000,719998,723867,0,0,2,-142
2260,720000,719998,723837,0,-26,2,-141
2265,720000,719999,723808,0,0,1,-138
2270,720000,719999,723779,0,26,1,-138
2275,720000,719998,723749,0,0,2,-138
2280,720000,719998,723719,0,-26,2,-137
2285,720000,719999,723690,0,0,1,-134
2290,720000,719999,723661,0,26,1,-133
2295,720000,719998,723632,0,0,2,-132
2300,720000,719998,723603,0,-26,2,-131
2305,720000,719999,723576,0,0,1,-130
2310,720000,719999,723549,0,26,1,-128
2315,720000,719998,723522,0,0,2,-129
2320,720000,719998,723495,0,-26,2,-128
2325,720000,719999,723468,0,0,1,-127
2330,720000,719999,723442,0,26,1,-125
2335,720000,719998,723416,0,0,2,-124
2340,720000,719998,723390,0,-26,2,-123
2345,720000,719999,723364,0,0,1,-121
2350,720000,719999,723338,0,26,1,-120
2355,720000,719998,723312,0,0,2,-120
2360,720000,719998,723286,0,-26,2,-120
2365,720000,719999,723261,0,0,1,-117
2370,720000,719999,723236,0,26,1,-116
2375,720000,719998,723212,0,0,2,-117
2380,720000,719998,723188,0,-26,2,-116
2385,720000,719999,723164,0,0,1,-114
2390,720000,719999,723139,0,26,1,-113
2395,720000,719998,723114,0,0,2,-113
2400,720000,719998,723089,0,-26,2,-112
2405,720000,719999,723064,0,0,1,-110
2410,720000,719999,723040,0,26,1,-108
2415,720000,719998,723017,0,0,2,-108
2420,720000,719998,722995,0,-26,2,-108
2425,720000,719999,722972,0,0,1,-106
2430,720000,719999,722949,0,26,1,-105
2435,720000,719998,722927,0,0,2,-105
2440,720000,719998,722905,0,-26,2,-105
2445,720000,719999,722883,0,0,1,-102
2450,720000,719999,722861,0,26,1,-102
2455,720000,719998,722839,0,0,2,-102
2460,720000,719998,722817,0,-26,2,-101
2465,720000,719999,722795,0,0,1,-99
2470,720000,719999,722773,0,26,1,-98
2475,720000,719998,722751,0,0,2,-98
2480,720000,719998,722729,0,-26,2,-97
2485,720000,719999,722708,0,0,1,-96
2490,720000,719999,722687,0,26,1,-95
2495,720000,719998,722667,0,0,2,-95
2500,720000,719998,722647,0,-26,2,-95
2505,720000,719999,722627,0,0,1,-93
2510,720000,719999,722607,0,26,1,-92
2515,720000,719998,722586,0,0,2,-92
2520,720000,719998,722565,0,-26,2,-91
2525,720000,719999,722544,0,0,1,-90
2530,720000,719999,722524,0,26,1,-89
2535,720000,719998,722504,0,0,2,-89
2540,720000,719998,722484,0,-26,2,-88
2545,720000,719999,722465,0,0,1,-86
2550,720000,719999,722447,0,26,1,-85
2555,720000,719998,722429,0,0,2,-86
2560,720000,719998,722411,0,-26,2,-85
2565,720000,719999,722393,0,0,1,-84
2570,720000,719999,722375,0,26,1,-82
2575,720000,719998,722357,0,0,2,-82
2580,720000,719998,722339,0,-26,2,-82
2585,720000,719999,722321,0,0,1,-80
2590,720000,719999,722303,0,26,1,-80
2595,720000,719998,722285,0,0,2,-80
2600,720000,719998,722267,0,-26,2,-79
2605,720000,719999,722250,0,0,1,-78
2610,720000,719999,722233,0,26,1,-78
2615,720000,719998,722216,0,0,2,-78
2620,720000,719998,722199,0,-26,2,-77
2625,720000,719999,722181,0,0,1,-76
2630,720000,719999,722164,0,26,1,-75
2635,720000,719998,722147,0,0,2,-75
2640,720000,719998,722130,0,-26,2,-74
2645,720000,719999,722114,0,0,1,-72
2650,720000,719999,722098,0,26,1,-71
2655,720000,719998,722082,0,0,2,-72
2660,720000,719998,722066,0,-26,2,-71
2665,720000,719999,722050,0,0,1,-71
2670,720000,719999,722034,0,26,1,-70
2675,720000,719998,722018,0,0,2,-71
2680,720000,719998,722002,0,-26,2,-70
2685,720000,719999,721985,0,0,1,-69
2690,720000,719999,721969,0,26,1,-68
2695,720000,719998,721953,0,0,2,-68
2700,720000,719998,721937,0,-26,2,-67
2705,720000,719999,721921,0,0,1,-67
2710,720000,719999,721906,0,26,1,-66
2715,720000,719998,721891,0,0,2,-66
2720,720000,719998,721876,0,-26,2,-66
2725,720000,719999,721861,0,0,1,-64
2730,720000,719999,721848,0,26,1,-62
2735,720000,719998,721835,0,0,2,-63
2740,720000,719998,721822,0,-26,2,-62
2745,720000,719999,721809,0,0,1,-61
2750,720000,719999,721795,0,26,1,-61
2755,720000,719998,721781,0,0,2,-61
2760,720000,719998,721767,0,-26,2,-61
2765,720000,719999,721753,0,0,1,-59
2770,720000,719999,721739,0,26,1,-59
2775,720000,719998,721726,0,0,2,-60
2780,720000,719998,721712,0,-26,2,-58
2785,720000,719999,721699,0,0,1,-58
2790,720000,719999,721686,0,26,1,-57
2795,720000,719998,721673,0,0,2,-57
2800,720000,719998,721660,0,-26,2,-57
2805,720000,719999,721648,0,0,1,-56
2810,720000,719999,721636,0,26,1,-56
2815,720000,719998,721624,0,0,2,-56
2820,720000,719998,721612,0,-26,2,-56
2825,720000,719999,721600,0,0,1,-54
2830,720000,719999,721588,0,26,1,-53
2835,720000,719998,721576,0,0,2,-53
2840,720000,719998,721564,0,-26,2,-53
2845,720000,719999,721552,0,0,1,-51
2850,720000,719999,721540,0,26,1,-50
2855,720000,719998,721528,0,0,2,-51
2860,720000,719998,721516,0,-26,2,-50
2865,720000,719999,721504,0,0,1,-49
2870,720000,719999,721492,0,26,1,-49
2875,720000,719998,721480,0,0,2,-49
2880,720000,719998,721468,0,-26,2,-49
2885,720000,719999,721457,0,0,1,-48
2890,720000,719999,721446,0,26,1,-47
2895,720000,719998,721435,0,0,2,-49
2900,720000,719998,721424,0,-26,2,-47
2905,720000,719999,721413,0,0,1,-47
2910,720000,719999,721401,0,26,1,-46
2915,720000,719998,721389,0,0,2,-47
2920,720000,719998,721377,0,-26,2,-46
2925,720000,719999,721365,0,0,1,-45
2930,720000,719999,721354,0,26,1,-44
2935,720000,719998,721343,0,0,2,-44
2940,720000,719998,721332,0,-26,2,-44
2945,720000,719999,721321,0,0,1,-44
2950,720000,719999,721311,0,26,1,-42
2955,720000,719998,721302,0,0,2,-43
2960,720000,719998,721293,0,-26,2,-42
2965,720000,719999,721284,0,0,1,-41
2970,720000,719999,721275,0,26,1,-40
2975,720000,719998,721266,0,0,2,-41
2980,720000,719998,721257,0,-26,2,-41
2985,720000,719999,721248,0,0,1,-39
2990,720000,719999,721238,0,26,1,-39
2995,720000,719998,721228,0,0,2,-39
3000,720000,719998,721218,0,-26,2,-39
3005,720000,719999,721208,0,0,1,-37
3010,720000,719999,721199,0,26,1,-37
3015,720000,719998,721190,0,0,2,-38
3020,720000,719998,721180,0,-26,2,-37
3025,720000,719999,721171,0,0,1,-37
3030,720000,719999,721162,0,26,1,-36
3035,720000,719998,721153,0,0,2,-38
3040,720000,719998,721144,0,-26,2,-36
3045,720000,719999,721135,0,0,1,-35
3050,720000,719999,721126,0,26,1,-36
3055,720000,719998,721117,0,0,2,-36
3060,720000,719998,721108,0,-26,2,-36
3065,720000,719999,721100,0,0,1,-34
3070,720000,719999,721092,0,26,1,-34
3075,720000,719998,721083,0,0,2,-35
3080,720000,719998,721075,0,-26,2,-34
3085,720000,719999,721067,0,0,1,-33
3090,720000,719999,721060,0,26,1,-33
3095,720000,719998,721053,0,0,2,-33
3100,720000,719998,721046,0,-26,2,-33
3105,720000,719999,721039,0,0,1,-32
3110,720000,719999,721031,0,26,1,-31
3115,720000,719998,721023,0,0,2,-31
3120,720000,719998,721016,0,-26,2,-31
3125,720000,719999,721008,0,0,1,-30
3130,720000,719999,721000,0,26,1,-30
3135,720000,719998,720992,0,0,2,-31
3140,720000,719998,720984,0,-26,2,-30
3145,720000,719999,720976,0,0,1,-29
3150,720000,719999,720968,0,26,1,-28
3155,720000,719998,720960,0,0,2,-29
3160,720000,719998,720952,0,-26,2,-29
3165,720000,719999,720944,0,0,1,-27
3170,720000,719999,720937,0,26,1,-27
3175,720000,719998,720930,0,0,2,-28
3180,720000,719998,720922,0,-26,2,-27
3185,720000,719999,720915,0,0,1,-26
3190,720000,719999,720908,0,26,1,-26
3195,720000,719998,720901,0,0,2,-26
3200,720000,719998,720894,0,-26,2,-26
3205,720000,719999,720887,0,0,1,-25
3210,720000,719999,720880,0,26,1,-25
3215,720000,719998,720873,0,0,2,-25
3220,720000,719998,720866,0,-26,2,-25
3225,720000,719999,720859,0,0,1,-25
3230,720000,719999,720852,0,26,1,-24
3235,720000,719998,720844,0,0,2,-26
3240,720000,719998,720837,0,-26,2,-25
3245,720000,719999,720830,0,0,1,-23
3250,720000,719999,720822,0,26,1,-24
3255,720000,719998,720814,0,0,2,-25
3260,720000,719998,720807,0,-26,2,-24
3265,720000,719999,720800,0,0,1,-23
3270,720000,719999,720793,0,26,1,-23
3275,720000,719998,720786,0,0,2,-23
3280,720000,719998,720779,0,-26,2,-23
3285,720000,719999,720772,0,0,1,-22
3290,720000,719999,720766,0,26,1,-20
3295,720000,719998,720761,0,0,2,-21
3300,720000,719998,720756,0,-26,2,-21
3305,720000,719999,720751,0,0,1,-20
3310,720000,719999,720746,0,26,1,-19
3315,720000,719998,720741,0,0,2,-20
3320,720000,719998,720736,0,-26,2,-20
3325,720000,719999,720731,0,0,1,-19
3330,720000,719999,720726,0,26,1,-19
3335,720000,719998,720721,0,0,2,-19
3340,720000,719998,720716,0,-26,2,-19
3345,720000,719999,720711,0,0,1,-19
3350,720000,719999,720706,0,26,1,-19
3355,720000,719998,720701,0,0,2,-19
3360,720000,719998,720696,0,-26,2,-19
3365,720000,719999,720691,0,0,1,-18
3370,720000,719999,720686,0,26,1,-18
3375,720000,719998,720681,0,0,2,-18
3380,720000,719998,720676,0,-26,2,-18
3385,720000,719999,720671,0,0,1,-17
3390,720000,719999,720666,0,26,1,-17
3395,720000,719998,720661,0,0,2,-18
3400,720000,719998,720656,0,-26,2,-17
3405,720000,719999,720651,0,0,1,-16
3410,720000,719999,720646,0,26,1,-16
3415,720000,719998,720641,0,0,2,-17
3420,720000,719998,720636,0,-26,2,-16
3425,720000,719999,720631,0,0,1,-15
3430,720000,719999,720626,0,26,1,-15
3435,720000,719998,720621,0,0,2,-16
3440,720000,719998,720616,0,-26,2,-16
3445,720000,719999,720611,0,0,1,-14
3450,720000,719999,720606,0,26,1,-14
3455,720000,719998,720601,0,0,2,-15
3460,720000,719998,720596,0,-26,2,-15
3465,720000,719999,720591,0,0,1,-13
3470,720000,719999,720586,0,26,1,-13
3475,720000,719998,720581,0,0,2,-14
3480,720000,719998,720576,0,-26,2,-14
3485,720000,719999,720571,0,0,1,-13
3490,720000,719999,720566,0,26,1,-13
3495,720000,719998,720561,0,0,2,-14
3500,720000,719998,720556,0,-26,2,-13
3505,720000,719999,720551,0,0,1,-13
3510,720000,719999,720547,0,26,1,-13
3515,720000,719998,720542,0,0,2,-14
3520,720000,719998,720537,0,-26,2,-13
3525,720000,719999,720533,0,0,1,-12
3530,720000,719999,720529,0,26,1,-13
3535,720000,719998,720525,0,0,2,-13
3540,720000,719998,720521,0,-26,2,-13
3545,720000,719999,720517,0,0,1,-12
3550,720000,719999,720514,0,26,1,-11
3555,720000,719998,720511,0,0,2,-12
3560,720000,719998,720507,0,-26,2,-13
3565,720000,719999,720503,0,0,1,-11
3570,720000,719999,720500,0,26,1,-10
3575,720000,719998,720497,0,0,2,-11
3580,720000,719998,720494,0,-26,2,-11
3585,720000,719999,720491,0,0,1,-10
3590,720000,719999,720488,0,26,1,-10
3595,720000,719998,720485,0,0,2,-11
3600,720000,719998,720482,0,-26,2,-10
3605,720000,719999,720479,0,0,1,-9
3610,720000,719999,720476,0,26,1,-9
3615,720000,719998,720473,0,0,2,-10
3620,720000,719998,720470,0,-26,2,-10
3625,720000,719999,720467,0,0,1,-9
3630,720000,719999,720464,0,26,1,-9
3635,720000,719998,720461,0,0,2,-9
3640,720000,719998,720458,0,-26,2,-9
3645,720000,719999,720455,0,0,1,-8
3650,720000,719999,720451,0,26,1,-8
3655,720000,719998,720447,0,0,2,-9
3660,720000,719998,720444,0,-26,2,-9
3665,720000,719999,720441,0,0,1,-8
3670,720000,719999,720437,0,26,1,-7
3675,720000,719998,720433,0,0,2,-8
3680,720000,719998,720429,0,-26,2,-8
3685,720000,719999,720425,0,0,1,-7
3690,720000,719999,720421,0,26,1,-7
3695,720000,719998,720417,0,0,2,-7
3700,720000,719998,720413,0,-26,2,-7
3705,720000,719999,720409,0,0,1,-7
3710,720000,719999,720405,0,26,1,-7
3715,720000,719998,720401,0,0,2,-7
3720,720000,719998,720397,0,-26,2,-7
3725,720000,719999,720393,0,0,1,-6
3730,720000,719999,720390,0,26,1,-6
3735,720000,719998,720387,0,0,2,-7
3740,720000,719998,720383,0,-26,2,-7
3745,720000,719999,720379,0,0,1,-6
3750,720000,719999,720376,0,26,1,-6
3755,720000,719998,720373,0,0,2,-6
3760,720000,719998,720370,0,-26,2,-6
3765,720000,719999,720367,0,0,1,-5
3770,720000,719999,720364,0,26,1,-5
3775,720000,719998,720361,0,0,2,-6
3780,720000,719998,720358,0,-26,2,-6
3785,720000,719999,720355,0,0,1,-5
3790,720000,719999,720352,0,26,1,-5
3795,720000,719998,720349,0,0,2,-5
3800,720000,719998,720346,0,-26,2,-5
3805,720000,719999,720343,0,0,1,-4
3810,720000,719999,720340,0,26,1,-4
3815,720000,719998,720337,0,0,2,-5
3820,720000,719998,720334,0,-26,2,-5
3825,720000,719999,720331,0,0,1,-4
3830,720000,719999,720328,0,26,1,-3
3835,720000,719998,720325,0,0,2,-4
3840,720000,719998,720322,0,-26,2,-4
3845,720000,719999,720319,0,0,1,-3
3850,720000,719999,720316,0,26,1,-3
3855,720000,719998,720313,0,0,2,-4
3860,720000,719998,720310,0,-26,2,-4
3865,720000,719999,720307,0,0,1,-3
3870,720000,719999,720304,0,26,1,-2
3875,720000,719998,720301,0,0,2,-3
3880,720000,719998,720298,0,-26,2,-3
3885,720000,719999,720295,0,0,1,-2
3890,720000,719999,720292,0,26,1,-2
3895,720000,719998,720289,0,0,2,-3
3900,720000,719998,720286,0,-26,2,-3
3905,720000,719999,720284,0,0,1,-1
3910,720000,719999,720282,0,26,1,-1
3915,720000,719998,720279,0,0,2,-2
3920,720000,719998,720276,0,-26,2,-2
3925,720000,719999,720274,0,0,1,-1
3930,720000,719999,720272,0,26,1,-1
3935,720000,719998,720269,0,0,2,-2
3940,720000,719998,720266,0,-26,2,-2
3945,720000,719999,720264,0,0,1,-1
3950,720000,719999,720262,0,26,1,-1
3955,720000,719998,720260,0,0,2,-1
3960,720000,719998,720258,0,-26,2,-1
3965,720000,719999,720256,0,0,1,-1
3970,720000,719999,720254,0,26,1,-1
3975,720000,719998,720252,0,0,2,-1
3980,720000,719998,720250,0,-26,2,-1
3985,720000,719999,720248,0,0,1,-1
3990,720000,719999,720246,0,26,1,-1
3995,720000,719998,720244,0,0,2,-1
TRACE END
