TRACE BEGIN axis=1 rows=800 kp=0.0003 ki=8e-07 kv=1e-06 kd=0 kff=0 ff=1 pwm=25000 target=-720 duration=4 vmax=1100 accel=2200 vscale=1 ascale=0.4 vsrc=1 vwin=40 valpha=0.05
t_ms,ref_mdeg,enc_mdeg,hat_mdeg,vref_mdegs,what_mdegs,duty_milli,cur_01ma
0,0,0,0,0,0,-47,0
5,-11,-38,-49,-4400,-974,-115,-510
10,-44,-84,-177,-8800,-2154,-114,-721
15,-147,-134,-326,-16104,-3436,-135,-761
20,-239,-191,-491,-20504,-4897,-148,-872
25,-352,-253,-677,-24904,-6487,-167,-968
30,-488,-334,-885,-29304,-8564,-186,-1092
35,-645,-464,-1130,-33704,-11897,-197,-1199
40,-825,-646,-1433,-38104,-16513,-199,-1238
45,-1026,-862,-1801,-42504,-20897,-198,-1220
50,-1250,-1095,-2227,-46904,-25667,-198,-1190
55,-1496,-1336,-2706,-51304,-30538,-203,-1182
60,-1763,-1590,-3236,-55704,-35564,-210,-1200
65,-2053,-1866,-3826,-60104,-41000,-217,-1232
70,-2364,-2170,-4483,-64504,-46513,-222,-1258
75,-2698,-2499,-5212,-68904,-51359,-227,-1273
80,-3053,-2853,-6018,-73304,-55538,-230,-1280
85,-3431,-3227,-6903,-77704,-59462,-234,-1286
90,-3830,-3620,-7868,-82104,-63538,-239,-1297
95,-4252,-4034,-8918,-86504,-67923,-244,-1314
100,-4695,-4471,-10056,-90904,-72513,-249,-1333
105,-5161,-4931,-11291,-95304,-77077,-254,-1379
110,-5648,-5414,-12642,-99704,-81538,-258,-1492
115,-6158,-5918,-14142,-104104,-85897,-263,-1609
120,-6689,-6443,-15823,-108504,-90179,-268,-1733
125,-7243,-6991,-17721,-112904,-94538,-273,-1869
130,-7818,-7561,-19875,-117304,-98974,-277,-2023
135,-8416,-8153,-22330,-121704,-103410,-282,-2198
140,-9035,-8766,-25139,-126104,-107821,-287,-2401
145,-9677,-9402,-28360,-130504,-112205,-292,-2635
150,-10340,-10060,-32062,-134904,-116590,-296,-2905
155,-11026,-10740,-36325,-139304,-121000,-301,-3226
160,-11733,-11442,-41244,-143704,-125410,-306,-3598
165,-12463,-12166,-46928,-148104,-129821,-310,-4032
170,-13214,-12912,-53507,-152504,-134205,-315,-4543
175,-13988,-13679,-61129,-156904,-138590,-320,-5142
180,-14784,-14469,-69972,-161304,-143000,-325,-5843
185,-15601,-15281,-80195,-165704,-147410,-330,-6146
190,-16441,-16115,-91800,-170104,-151795,-334,-5522
195,-17302,-16971,-104628,-174504,-156205,-339,-4964
200,-18186,-17848,-118527,-178904,-160590,-344,-4475
205,-19091,-18748,-133365,-183304,-165000,-349,-4047
210,-20019,-19670,-149025,-187704,-169410,-353,-3671
215,-20968,-20614,-165406,-192104,-173795,-358,-3342
220,-21940,-21580,-182418,-196504,-178205,-363,-3054
225,-22933,-22568,-199983,-200904,-182615,-367,-2802
230,-23949,-23578,-218032,-205304,-187026,-372,-2580
235,-24986,-24610,-236506,-209704,-191410,-377,-2386
240,-26046,-25663,-255351,-214104,-195795,-382,-2217
245,-27127,-26739,-274522,-218504,-200205,-386,-2068
250,-28231,-27837,-293979,-222904,-204615,-391,-1937
255,-29356,-28957,-313685,-227304,-209000,-396,-1823
260,-30504,-30109,-333611,-231704,-213667,-397,-1724
265,-31673,-31278,-353728,-236104,-218205,-401,-1636
270,-32865,-32460,-374013,-240504,-222487,-424,-1560
275,-34078,-33687,-394446,-244904,-227385,-405,-1493
280,-35314,-34915,-415008,-249304,-231744,-411,-1434
285,-36571,-36159,-435682,-253704,-235949,-435,-1381
290,-37851,-37452,-456456,-258104,-240846,-417,-1336
295,-39152,-38752,-477315,-262504,-245333,-437,-1297
300,-40476,-40062,-498251,-266904,-249231,-445,-1262
305,-41822,-41411,-519253,-271304,-253795,-447,-1232
310,-43189,-42787,-540314,-275704,-258590,-447,-1205
315,-44579,-44177,-561425,-280104,-262667,-450,-1183
320,-45990,-45582,-582581,-284504,-267231,-455,-1162
325,-47424,-47004,-603777,-288904,-271513,-461,-1144
330,-48879,-48449,-625007,-293304,-275256,-468,-1128
335,-50357,-49922,-646267,-297704,-279795,-473,-1115
340,-51856,-51419,-667553,-302104,-284359,-476,-1102
345,-53378,-52937,-688863,-306504,-288513,-480,-1092
350,-54921,-54475,-710192,-310904,-292590,-485,-1082
355,-56487,-56035,-731539,-315304,-296872,-490,-1074
360,-58074,-57617,-752902,-319704,-301359,-495,-1067
365,-59684,-59220,-774278,-324104,-305872,-500,-1062
370,-61315,-60846,-795666,-328504,-310359,-504,-1056
375,-62969,-62494,-817065,-332904,-314718,-509,-1051
380,-64644,-64163,-838472,-337304,-319026,-514,-1047
385,-66342,-65855,-859888,-341704,-323385,-519,-1043
390,-68061,-67569,-881311,-346104,-327795,-524,-1040
395,-69803,-69306,-902740,-350504,-332205,-528,-1037
400,-71566,-71063,-924175,-354904,-336590,-533,-1035
405,-73352,-72843,-945614,-359304,-341000,-538,-1033
410,-75159,-74645,-967058,-363704,-345410,-542,-1031
415,-76989,-76468,-988505,-368104,-349795,-547,-1029
420,-78840,-78314,-1009955,-372504,-354205,-552,-1027
425,-80714,-80182,-1031407,-376904,-358615,-557,-1026
430,-82610,-82072,-1052862,-381304,-363000,-561,-1025
435,-84527,-83984,-1074319,-385704,-367410,-566,-1024
440,-86467,-85918,-1095778,-390104,-371795,-571,-1023
445,-88428,-87874,-1117239,-394504,-376205,-575,-1022
450,-90412,-89851,-1138701,-398904,-380590,-580,-1022
455,-92417,-91851,-1160164,-403304,-385000,-585,-1021
460,-94445,-93873,-1181629,-407704,-389410,-590,-1021
465,-96494,-95917,-1203094,-412104,-393821,-594,-1020
470,-98566,-97983,-1224560,-416504,-398205,-599,-1020
475,-100659,-100071,-1246027,-420904,-402615,-604,-1020
480,-102775,-102180,-1267495,-425304,-407000,-609,-1019
485,-104912,-104312,-1288963,-429704,-411385,-613,-1019
490,-107072,-106466,-1310432,-434104,-415795,-618,-1019
495,-109253,-108642,-1331901,-438504,-420205,-623,-1019
500,-111457,-110840,-1353371,-442904,-424615,-627,-1018
505,-113682,-113060,-1374841,-447304,-429026,-632,-1018
510,-115930,-115301,-1396311,-451704,-433385,-637,-1018
515,-118199,-117565,-1417782,-456104,-437795,-642,-1018
520,-120491,-119852,-1439253,-460504,-442231,-646,-1018
525,-122804,-122159,-1460724,-464904,-446615,-651,-1018
530,-125140,-124489,-1482195,-469304,-451000,-656,-1018
535,-127497,-126841,-1503666,-473704,-455410,-660,-1018
540,-129877,-129215,-1525138,-478104,-459821,-665,-1018
545,-132278,-131610,-1546610,-482504,-464205,-670,-1017
550,-134702,-134028,-1568082,-486904,-468615,-675,-1017
555,-137148,-136468,-1589554,-491304,-473000,-679,-1017
560,-139615,-138930,-1611026,-495704,-477410,-684,-1017
565,-142105,-141414,-1632498,-500104,-481821,-689,-1017
570,-144616,-143919,-1653970,-504504,-486205,-694,-1017
575,-147150,-146447,-1675442,-508904,-490590,-698,-1017
580,-149705,-148997,-1696914,-513304,-495000,-703,-1017
585,-152283,-151569,-1718386,-517704,-499410,-708,-1017
590,-154882,-154163,-1739858,-522104,-503795,-712,-1017
595,-157504,-156779,-1761330,-526504,-508205,-717,-1017
600,-160147,-159417,-1782802,-530904,-512615,-722,-1017
605,-162813,-162076,-1804274,-535304,-517000,-727,-1017
610,-165500,-164758,-1825746,-539704,-521410,-731,-1017
615,-168210,-167462,-1847218,-544104,-525795,-736,-1017
620,-170941,-170188,-1868690,-548504,-530205,-741,-1017
625,-173695,-172936,-1890162,-552904,-534615,-745,-1017
630,-176470,-175706,-1911634,-557304,-539026,-750,-1017
635,-179268,-178498,-1933106,-561704,-543410,-755,-1017
640,-182087,-181311,-1954578,-566104,-547795,-760,-1017
645,-184929,-184147,-1976050,-570504,-552205,-765,-1017
650,-187792,-187005,-1997522,-574904,-556615,-769,-1017
655,-190678,-189885,-2018994,-579304,-561000,-774,-1017
660,-193585,-192787,-2040466,-583704,-565410,-779,-1017
665,-196515,-195711,-2061938,-588104,-569821,-783,-1017
670,-199466,-198656,-2083410,-592504,-574205,-788,-1017
675,-202440,-201624,-2104882,-596904,-578590,-793,-1017
680,-205436,-204614,-2126354,-601304,-583000,-798,-1017
685,-208453,-207626,-2147826,-605704,-587410,-802,-1017
690,-211493,-210660,-2169298,-610104,-591821,-807,-1017
695,-214554,-213715,-2190770,-614504,-596179,-812,-1017
700,-217638,-216793,-2212242,-618904,-600590,-817,-1017
705,-220743,-219893,-2233714,-623304,-605000,-821,-1017
710,-223871,-223015,-2255186,-627704,-609410,-826,-1017
715,-227020,-226159,-2276658,-632104,-613795,-831,-1017
720,-230192,-229325,-2298130,-636504,-618205,-835,-1017
725,-233385,-232513,-2319602,-640904,-622615,-840,-1017
730,-236601,-235722,-2341074,-645304,-627000,-845,-1017
735,-239838,-238954,-2362546,-649704,-631410,-850,-1017
740,-243098,-242208,-2384018,-654104,-635795,-854,-1017
745,-246379,-245484,-2405490,-658504,-640205,-859,-1017
750,-249683,-248782,-2426962,-662904,-644615,-864,-1017
755,-253008,-252102,-2448434,-667304,-649026,-868,-1017
760,-256356,-255444,-2469906,-671704,-653410,-873,-1017
765,-259725,-258807,-2491378,-676104,-657795,-878,-1017
770,-263117,-262193,-2512850,-680504,-662205,-883,-1017
775,-266530,-265601,-2534322,-684904,-666615,-887,-1017
780,-269966,-269031,-2555794,-689304,-671026,-892,-1017
785,-273423,-272483,-2577266,-693704,-675410,-897,-1017
790,-276903,-275956,-2598738,-698104,-679795,-902,-1017
795,-280404,-279452,-2620210,-702504,-684205,-907,-1017
800,-283928,-282970,-2641682,-706904,-688590,-911,-1017
805,-287474,-286510,-2663154,-711304,-693000,-916,-1017
810,-291041,-290072,-2684626,-715704,-697410,-921,-1017
815,-294631,-293656,-2706098,-720104,-701795,-925,-1017
820,-298242,-297262,-2727570,-724504,-706205,-930,-1017
825,-301876,-300889,-2749042,-728904,-710590,-935,-1017
830,-305531,-304539,-2770514,-733304,-715000,-940,-1017
835,-309209,-308211,-2791986,-737704,-719410,-944,-1017
840,-312908,-311905,-2813458,-742104,-723821,-949,-1017
845,-316630,-315621,-2834930,-746504,-728205,-954,-1017
850,-320373,-319359,-2856402,-750904,-732615,-958,-1017
855,-324139,-323119,-2877874,-755304,-737026,-963,-1017
860,-327926,-326900,-2899346,-759704,-741410,-968,-1017
865,-331736,-330704,-2920818,-764104,-745795,-973,-1017
870,-335567,-334530,-2942290,-768504,-750205,-977,-1017
875,-339421,-338378,-2963762,-772904,-754615,-982,-1017
880,-343296,-342248,-2985234,-777304,-759000,-987,-1017
885,-347194,-346139,-3006706,-781704,-763385,-992,-1017
890,-351113,-350054,-3028178,-786104,-767821,-996,-1017
895,-355055,-353990,-3049650,-790504,-772231,-1000,-1017
900,-359018,-357945,-3071122,-794904,-776564,-1000,-1017
905,-362991,-361875,-3092594,-792676,-779667,-918,-1017
910,-366944,-365664,-3114066,-788276,-778615,-961,-1017
915,-370874,-369447,-3135538,-783876,-776846,-999,-1017
920,-374783,-373307,-3157010,-779476,-776487,-1000,-1017
925,-378669,-377225,-3178482,-775076,-777026,-989,-1017
930,-382533,-381150,-3199954,-770676,-777205,-964,-1017
935,-386376,-385025,-3221426,-766276,-775538,-948,-1017
940,-390196,-388838,-3242898,-761876,-771795,-947,-1017
945,-393994,-392612,-3264370,-757476,-768487,-950,-1017
950,-397771,-396370,-3285842,-753076,-768026,-948,-1017
955,-401525,-400119,-3307314,-748676,-766846,-944,-1017
960,-405258,-403854,-3328786,-744276,-763256,-939,-1017
965,-408968,-407570,-3350258,-739876,-757897,-935,-1017
970,-412656,-411269,-3371730,-735476,-752282,-930,-1017
975,-416323,-414947,-3393202,-731076,-747538,-924,-1017
980,-419967,-418601,-3414674,-726676,-743744,-918,-1017
985,-423590,-422229,-3436146,-722276,-740128,-912,-1017
990,-427190,-425830,-3457618,-717876,-736128,-909,-1017
995,-430768,-429409,-3479090,-713476,-731821,-905,-1017
1000,-434325,-432969,-3500562,-709076,-727436,-901,-1017
1005,-437859,-436510,-3522034,-704676,-723026,-896,-1017
1010,-441371,-440030,-3543506,-700276,-718564,-891,-1017
1015,-444862,-443528,-3564978,-695876,-714051,-886,-1017
1020,-448330,-447002,-3586450,-691476,-709564,-881,-1017
1025,-451777,-450454,-3607922,-687076,-705205,-876,-1017
1030,-455201,-453884,-3629394,-682676,-700923,-872,-1017
1035,-458603,-457291,-3650866,-678276,-696615,-867,-1017
1040,-461984,-460676,-3672338,-673876,-692231,-863,-1017
1045,-465342,-464040,-3693810,-669476,-687795,-858,-1017
1050,-468678,-467383,-3715282,-665076,-683385,-853,-1017
1055,-471993,-470704,-3736754,-660676,-678974,-848,-1017
1060,-475285,-474002,-3758226,-656276,-674564,-843,-1017
1065,-478556,-477278,-3779698,-651876,-670154,-839,-1017
1070,-481804,-480532,-3801170,-647476,-665769,-834,-1017
1075,-485030,-483764,-3822642,-643076,-661385,-829,-1017
1080,-488235,-486974,-3844114,-638676,-657000,-825,-1017
1085,-491417,-490162,-3865586,-634276,-652590,-820,-1017
1090,-494577,-493328,-3887058,-629876,-648179,-815,-1017
1095,-497716,-496472,-3908530,-625476,-643769,-810,-1017
1100,-500832,-499594,-3930002,-621076,-639359,-806,-1017
1105,-503927,-502694,-3951474,-616676,-634974,-801,-1017
1110,-506999,-505773,-3972946,-612276,-630590,-796,-1017
1115,-510049,-508828,-3994418,-607876,-626154,-792,-1017
1120,-513078,-511862,-4015890,-603476,-621769,-787,-1017
1125,-516084,-514875,-4037362,-599076,-617385,-782,-1017
1130,-519069,-517865,-4058834,-594676,-613000,-777,-1017
1135,-522031,-520833,-4080306,-590276,-608590,-773,-1017
1140,-524971,-523779,-4101778,-585876,-604179,-768,-1017
1145,-527890,-526703,-4123250,-581476,-599769,-763,-1017
1150,-530786,-529605,-4144722,-577076,-595359,-758,-1017
1155,-533660,-532485,-4166194,-572676,-590974,-754,-1017
1160,-536513,-535343,-4187666,-568276,-586564,-749,-1017
1165,-539343,-538179,-4209138,-563876,-582179,-744,-1017
1170,-542152,-540993,-4230610,-559476,-577769,-740,-1017
1175,-544938,-543786,-4252082,-555076,-573385,-735,-1017
1180,-547702,-546556,-4273554,-550676,-568974,-730,-1017
1185,-550445,-549304,-4295026,-546276,-564590,-725,-1017
1190,-553165,-552030,-4316498,-541876,-560179,-720,-1017
1195,-555863,-554734,-4337970,-537476,-555769,-716,-1017
1200,-558540,-557416,-4359442,-533076,-551385,-711,-1017
1205,-561194,-560076,-4380914,-528676,-546974,-706,-1017
1210,-563827,-562714,-4402386,-524276,-542564,-702,-1017
1215,-566437,-565330,-4423858,-519876,-538179,-697,-1017
1220,-569025,-567924,-4445330,-515476,-533769,-692,-1017
1225,-571592,-570496,-4466802,-511076,-529359,-688,-1017
1230,-574136,-573047,-4488274,-506676,-525000,-683,-1017
1235,-576658,-575575,-4509746,-502276,-520590,-678,-1017
1240,-579159,-578080,-4531218,-497876,-516179,-673,-1017
1245,-581637,-580564,-4552690,-493476,-511769,-669,-1017
1250,-584094,-583027,-4574162,-489076,-507385,-664,-1017
1255,-586528,-585467,-4595634,-484676,-502974,-659,-1017
1260,-588940,-587885,-4617106,-480276,-498564,-654,-1017
1265,-591331,-590281,-4638578,-475876,-494179,-650,-1017
1270,-593699,-592655,-4660050,-471476,-489769,-645,-1017
1275,-596046,-595007,-4681522,-467076,-485359,-640,-1017
1280,-598370,-597337,-4702994,-462676,-480974,-635,-1017
1285,-600672,-599645,-4724466,-458276,-476564,-631,-1017
1290,-602953,-601932,-4745938,-453876,-472205,-626,-1017
1295,-605211,-604196,-4767410,-449476,-467795,-621,-1017
1300,-607447,-606437,-4788882,-445076,-463359,-617,-1017
1305,-609662,-608658,-4810354,-440676,-458974,-612,-1017
1310,-611854,-610856,-4831826,-436276,-454590,-607,-1017
1315,-614025,-613032,-4853298,-431876,-450179,-602,-1017
1320,-616173,-615186,-4874770,-427476,-445769,-598,-1017
1325,-618299,-617318,-4896242,-423076,-441385,-593,-1017
1330,-620404,-619428,-4917714,-418676,-436974,-588,-1017
1335,-622486,-621516,-4939186,-414276,-432564,-583,-1017
1340,-624546,-623582,-4960658,-409876,-428179,-579,-1017
1345,-626585,-625626,-4982130,-405476,-423769,-574,-1017
1350,-628601,-627648,-5003602,-401076,-419359,-569,-1017
1355,-630596,-629649,-5025074,-396676,-415000,-564,-1017
1360,-632568,-631627,-5046546,-392276,-410590,-560,-1017
1365,-634518,-633583,-5068018,-387876,-406179,-555,-1017
1370,-636447,-635516,-5089490,-383476,-401769,-551,-1017
1375,-638353,-637429,-5110962,-379076,-397385,-546,-1017
1380,-640237,-639319,-5132434,-374676,-392974,-541,-1017
1385,-642100,-641187,-5153906,-370276,-388564,-536,-1017
1390,-643940,-643033,-5175378,-365876,-384179,-531,-1017
1395,-645759,-644857,-5196850,-361476,-379769,-527,-1017
1400,-647555,-646659,-5218322,-357076,-375359,-522,-1017
1405,-649329,-648439,-5239794,-352676,-370974,-517,-1017
1410,-651082,-650197,-5261266,-348276,-366564,-513,-1017
1415,-652812,-651933,-5282738,-343876,-362154,-508,-1017
1420,-654521,-653648,-5304210,-339476,-357795,-503,-1017
1425,-656207,-655340,-5325682,-335076,-353385,-498,-1017
1430,-657871,-657010,-5347154,-330676,-348974,-494,-1017
1435,-659514,-658658,-5368626,-326276,-344590,-489,-1017
1440,-661134,-660284,-5390098,-321876,-340179,-484,-1017
1445,-662732,-661888,-5411570,-317476,-335769,-479,-1017
1450,-664309,-663470,-5433042,-313076,-331385,-475,-1017
1455,-665863,-665030,-5454514,-308676,-326974,-470,-1017
1460,-667396,-666568,-5475986,-304276,-322564,-465,-1017
1465,-668906,-668084,-5497458,-299876,-318154,-461,-1017
1470,-670394,-669578,-5518930,-295476,-313769,-456,-1017
1475,-671861,-671051,-5540402,-291076,-309385,-451,-1017
1480,-673305,-672501,-5561874,-286676,-305000,-446,-1017
1485,-674727,-673929,-5583346,-282276,-300590,-441,-1017
1490,-676128,-675335,-5604818,-277876,-296179,-437,-1017
1495,-677506,-676718,-5626290,-273476,-291744,-432,-1017
1500,-678863,-678081,-5647762,-269076,-287385,-427,-1017
1505,-680197,-679421,-5669234,-264676,-282974,-423,-1017
1510,-681509,-680739,-5690706,-260276,-278564,-418,-1017
1515,-682800,-682035,-5712178,-255876,-274179,-413,-1017
1520,-684068,-683309,-5733650,-251476,-269769,-408,-1017
1525,-685314,-684561,-5755122,-247076,-265359,-404,-1017
1530,-686539,-685791,-5776594,-242676,-260974,-399,-1017
1535,-687741,-686999,-5798066,-238276,-256564,-394,-1017
1540,-688922,-688186,-5819538,-233876,-252205,-389,-1017
1545,-690080,-689350,-5841010,-229476,-247795,-385,-1017
1550,-691216,-690491,-5862482,-225076,-243359,-380,-1017
1555,-692331,-691612,-5883954,-220676,-238974,-375,-1017
1560,-693423,-692710,-5905426,-216276,-234590,-371,-1017
1565,-694494,-693786,-5926898,-211876,-230179,-366,-1017
1570,-695542,-694840,-5948370,-207476,-225769,-361,-1017
1575,-696568,-695872,-5969842,-203076,-221385,-356,-1017
1580,-697573,-696882,-5991314,-198676,-216974,-352,-1017
1585,-698555,-697870,-6012786,-194276,-212564,-347,-1017
1590,-699515,-698836,-6034258,-189876,-208179,-342,-1017
1595,-700454,-699780,-6055730,-185476,-203769,-338,-1017
1600,-701370,-700703,-6077202,-181076,-199385,-333,-1017
1605,-702265,-701603,-6098674,-176676,-194974,-328,-1017
1610,-703137,-702481,-6120146,-172276,-190590,-323,-1017
1615,-703987,-703337,-6141618,-167876,-186179,-318,-1017
1620,-704816,-704170,-6163090,-163476,-181769,-314,-1017
1625,-705622,-704983,-6184562,-159076,-177385,-309,-1017
1630,-706406,-705773,-6206034,-154676,-172974,-304,-1017
1635,-707169,-706541,-6227506,-150276,-168564,-300,-1017
1640,-707909,-707287,-6248978,-145876,-164179,-295,-1017
1645,-708628,-708011,-6270450,-141476,-159769,-290,-1017
1650,-709324,-708713,-6291922,-137076,-155359,-286,-1017
1655,-709998,-709393,-6313394,-132676,-150974,-281,-1017
1660,-710651,-710051,-6334866,-128276,-146564,-276,-1017
1665,-711281,-710687,-6356338,-123876,-142154,-272,-1017
1670,-711889,-711302,-6377810,-119476,-137795,-266,-1017
1675,-712476,-711893,-6399282,-115076,-133359,-262,-1017
1680,-713040,-712464,-6420754,-110676,-128974,-257,-1017
1685,-713583,-713012,-6442226,-106276,-124590,-252,-1017
1690,-714103,-713538,-6463698,-101876,-120179,-248,-1017
1695,-714601,-714042,-6485170,-97476,-115769,-243,-1017
1700,-715078,-714524,-6506642,-93076,-111385,-238,-1017
1705,-715532,-714984,-6528114,-88676,-106974,-234,-1017
1710,-715965,-715422,-6549586,-84276,-102564,-229,-1017
1715,-716375,-715838,-6571058,-79876,-98179,-224,-1017
1720,-716763,-716232,-6592530,-75476,-93769,-219,-1017
1725,-717130,-716605,-6614002,-71076,-89385,-214,-1017
1730,-717474,-716954,-6635474,-66676,-84974,-210,-1017
1735,-717796,-717283,-6656946,-62276,-80590,-205,-1017
1740,-718097,-717589,-6678418,-57876,-76179,-200,-1017
1745,-718375,-717873,-6699890,-53476,-71795,-196,-1017
1750,-718632,-718135,-6721362,-49076,-67385,-191,-1017
1755,-718866,-718375,-6742834,-44676,-62974,-186,-1017
1760,-719078,-718593,-6764306,-40276,-58564,-181,-1017
1765,-719269,-718789,-6785778,-35876,-54179,-177,-1017
1770,-719437,-718963,-6807250,-31476,-49769,-172,-1017
1775,-719583,-719115,-6828722,-27076,-45359,-167,-1017
1780,-719708,-719245,-6850194,-22676,-40974,-163,-1017
1785,-719810,-719353,-6871666,-18276,-36564,-158,-1017
1790,-719891,-719439,-6893138,-13876,-32179,-153,-1017
1795,-719949,-719505,-6914610,-9476,-27821,-148,-1017
1800,-719985,-719564,-6936082,-5076,-23846,-138,-1017
1805,-720000,-719621,-6957554,-676,-20385,-141,-1017
1810,-720000,-719669,-6979026,0,-17282,-100,-1017
1815,-720000,-719709,-7000498,0,-14513,-88,-1017
1820,-720000,-719744,-7021970,0,-12179,-78,-1017
1825,-720000,-719775,-7043442,0,-10333,-69,-1017
1830,-720000,-719802,-7064914,0,-8923,-60,-1017
1835,-720000,-719826,-7086386,0,-7923,-53,-1017
1840,-720000,-719847,-7107858,0,-6949,-47,-1017
1845,-720000,-719866,-7129330,0,-5974,-41,-1017
1850,-720000,-719883,-7150802,0,-5256,-36,-1017
1855,-720000,-719897,-7172274,0,-4641,-32,-1017
1860,-720000,-719910,-7193746,0,-4103,-28,-1017
1865,-720000,-719922,-7215218,0,-3641,-24,-1017
1870,-720000,-719932,-7236690,0,-3205,-21,-1017
1875,-720000,-719941,-7258162,0,-2846,-19,-1017
1880,-720000,-719949,-7279634,0,-2513,-16,-1017
1885,-720000,-719956,-7301106,0,-2205,-14,-1017
1890,-720000,-719962,-7322578,0,-1949,-12,-1017
1895,-720000,-719968,-7344050,0,-1744,-11,-1017
1900,-720000,-719973,-7365522,0,-1538,-9,-1017
1905,-720000,-719977,-7386994,0,-1359,-8,-1017
1910,-720000,-719981,-7408466,0,-1205,-7,-1017
1915,-720000,-719984,-7429938,0,-1051,-6,-1017
1920,-720000,-719987,-7451410,0,-923,-5,-1017
1925,-720000,-719990,-7472882,0,-846,-4,-1017
1930,-720000,-719992,-7494354,0,-744,-3,-1017
1935,-720000,-719994,-7515826,0,-641,-3,-1017
1940,-720000,-719996,-7537298,0,-590,-2,-1017
1945,-720000,-719997,-7558770,0,-487,-2,-1017
1950,-720000,-719999,-7580242,0,-462,-1,-1017
1955,-720000,-720000,-7601714,0,-385,-1,-1017
1960,-720000,-720001,-7623186,0,-333,-1,-1017
1965,-720000,-720002,-7644658,0,-308,0,-1017
1970,-720000,-720003,-7666130,0,-282,0,-1017
1975,-720000,-720004,-7687602,0,-256,0,-1017
1980,-720000,-720005,-7707139,0,-231,0,19508
1985,-720000,-720005,-7721362,0,-179,0,17235
1990,-720000,-720005,-7730642,0,-154,0,14981
1995,-720000,-720006,-7735588,0,-154,1,13002
2000,-720000,-720006,-7736737,0,-128,1,11269
2005,-720000,-720006,-7735074,0,-103,1,10055
2010,-720000,-720007,-7730957,0,-103,1,8935
2015,-720000,-720007,-7724690,0,-77,1,7954
2020,-720000,-720007,-7716538,0,-51,1,7094
2025,-720000,-720007,-7706736,0,-51,1,6340
2030,-720000,-720007,-7695488,0,-51,1,5679
2035,-720000,-720007,-7682973,0,-26,1,5102
2040,-720000,-720007,-7669349,0,-26,1,4595
2045,-720000,-720007,-7654753,0,-26,1,4151
2050,-720000,-720007,-7639305,0,0,1,3762
2055,-720000,-720007,-7623111,0,0,1,3422
2060,-720000,-720007,-7606263,0,0,1,3123
2065,-720000,-720007,-7588843,0,0,1,2862
2070,-720000,-720007,-7570921,0,0,1,2632
2075,-720000,-720007,-7552559,0,0,1,2432
2080,-720000,-720007,-7533812,0,0,1,2256
2085,-720000,-720007,-7514729,0,0,1,2102
2090,-720000,-720007,-7495351,0,0,1,1967
2095,-720000,-720007,-7475714,0,0,1,1849
2100,-720000,-720007,-7455850,0,0,1,1746
2105,-720000,-720007,-7435787,0,0,1,1655
2110,-720000,-720007,-7415550,0,0,1,1575
2115,-720000,-720007,-7395161,0,0,1,1506
2120,-720000,-720007,-7374639,0,0,1,1445
2125,-720000,-720007,-7354000,0,0,1,1392
2130,-720000,-720007,-7333258,0,0,1,1345
2135,-720000,-720007,-7312426,0,0,1,1304
2140,-720000,-720007,-7291516,0,0,1,1268
2145,-720000,-720007,-7270537,0,0,1,1237
2150,-720000,-720007,-7249497,0,0,1,1209
2155,-720000,-720007,-7228404,0,0,1,1185
2160,-720000,-720007,-7207265,0,0,1,1164
2165,-720000,-720007,-7186085,0,0,1,1145
2170,-720000,-720007,-7164870,0,0,1,1129
2175,-720000,-720007,-7143624,0,0,1,1115
2180,-720000,-720007,-7122351,0,0,1,1102
2185,-720000,-720007,-7101053,0,0,1,1091
2190,-720000,-720007,-7079735,0,0,1,1082
2195,-720000,-720007,-7058398,0,0,1,1073
2200,-720000,-720007,-7037046,0,0,1,1066
2205,-720000,-720007,-7015679,0,0,1,1060
2210,-720000,-720007,-6994300,0,0,1,1054
2215,-720000,-720007,-6972910,0,0,1,1049
2220,-720000,-720007,-6951511,0,0,1,1045
2225,-720000,-720007,-6930104,0,0,1,1041
2230,-720000,-720007,-6908689,0,0,1,1038
2235,-720000,-720007,-6887268,0,0,1,1035
2240,-720000,-720007,-6865841,0,0,1,1032
2245,-720000,-720007,-6844409,0,0,1,1030
2250,-720000,-720007,-6822973,0,0,1,1028
2255,-720000,-720007,-6801534,0,0,1,1026
2260,-720000,-720007,-6780091,0,0,1,1025
2265,-720000,-720007,-6758645,0,0,1,1023
2270,-720000,-720007,-6737197,0,0,1,1022
2275,-720000,-720007,-6715747,0,0,1,1021
2280,-720000,-720007,-6694295,0,0,1,1020
2285,-720000,-720007,-6672841,0,0,1,1020
2290,-720000,-720007,-6651385,0,0,1,1019
2295,-720000,-720007,-6629928,0,0,1,1018
2300,-720000,-720007,-6608470,0,0,1,1018
2305,-720000,-720007,-6587011,0,0,1,1017
2310,-720000,-720007,-6565551,0,0,1,1017
2315,-720000,-720007,-6544090,0,0,1,1017
2320,-720000,-720007,-6522628,0,0,1,1016
2325,-720000,-720007,-6501166,0,0,1,1016
2330,-720000,-720007,-6479703,0,0,1,1016
2335,-720000,-720007,-6458240,0,0,1,1016
2340,-720000,-720007,-6436776,0,0,1,1015
2345,-720000,-720007,-6415312,0,0,1,1015
2350,-720000,-720007,-6393848,0,0,1,1015
2355,-720000,-720007,-6372384,0,0,1,1015
2360,-720000,-720007,-6350919,0,0,1,1015
2365,-720000,-720007,-6329454,0,0,1,1015
2370,-720000,-720007,-6307989,0,0,1,1015
2375,-720000,-720007,-6286524,0,0,1,1015
2380,-720000,-720007,-6265059,0,0,1,1015
2385,-720000,-720007,-6243593,0,0,1,1014
2390,-720000,-720007,-6222127,0,0,1,1014
2395,-720000,-720007,-6200661,0,0,1,1014
2400,-720000,-720007,-6179195,0,0,1,1014
2405,-720000,-720007,-6157729,0,0,1,1014
2410,-720000,-720007,-6136263,0,0,1,1014
2415,-720000,-720007,-6114797,0,0,1,1014
2420,-720000,-720007,-6093331,0,0,1,1014
2425,-720000,-720007,-6071865,0,0,1,1014
2430,-720000,-720007,-6050399,0,0,1,1014
2435,-720000,-720007,-6028933,0,0,1,1014
2440,-720000,-720007,-6007467,0,0,1,1014
2445,-720000,-720007,-5986001,0,0,1,1014
2450,-720000,-720007,-5964535,0,0,1,1014
2455,-720000,-720007,-5943069,0,0,1,1014
2460,-720000,-720007,-5921603,0,0,1,1014
2465,-720000,-720007,-5900137,0,0,1,1014
2470,-720000,-720007,-5878671,0,0,1,1014
2475,-720000,-720007,-5857205,0,0,1,1014
2480,-720000,-720007,-5835739,0,0,1,1014
2485,-720000,-720007,-5814273,0,0,1,1014
2490,-720000,-720007,-5792807,0,0,1,1014
2495,-720000,-720007,-5771341,0,0,1,1014
2500,-720000,-720007,-5749875,0,0,1,1014
2505,-720000,-720007,-5728409,0,0,1,1014
2510,-720000,-720007,-5706943,0,0,1,1014
2515,-720000,-720007,-5685477,0,0,1,1014
2520,-720000,-720007,-5664011,0,0,1,1014
2525,-720000,-720007,-5642545,0,0,1,1014
2530,-720000,-720007,-5621079,0,0,1,1014
2535,-720000,-720007,-5599613,0,0,1,1014
2540,-720000,-720007,-5578147,0,0,1,1014
2545,-720000,-720007,-5556681,0,0,1,1014
2550,-720000,-720007,-5535215,0,0,1,1014
2555,-720000,-720007,-5513749,0,0,1,1014
2560,-720000,-720007,-5492283,0,0,1,1014
2565,-720000,-720007,-5470817,0,0,1,1014
2570,-720000,-720007,-5449351,0,0,1,1014
2575,-720000,-720007,-5427885,0,0,1,1014
2580,-720000,-720007,-5406419,0,0,1,1014
2585,-720000,-720007,-5384953,0,0,1,1014
2590,-720000,-720007,-5363487,0,0,1,1014
2595,-720000,-720007,-5342021,0,0,1,1014
2600,-720000,-720007,-5320555,0,0,1,1014
2605,-720000,-720007,-5299089,0,0,1,1014
2610,-720000,-720007,-5277623,0,0,1,1014
2615,-720000,-720007,-5256157,0,0,1,1014
2620,-720000,-720007,-5234691,0,0,1,1014
2625,-720000,-720007,-5213225,0,0,1,1014
2630,-720000,-720007,-5191759,0,0,1,1014
2635,-720000,-720007,-5170293,0,0,1,1014
2640,-720000,-720007,-5148827,0,0,1,1014
2645,-720000,-720007,-5127361,0,0,1,1014
2650,-720000,-720007,-5105895,0,0,1,1014
2655,-720000,-720007,-5084429,0,0,1,1014
2660,-720000,-720007,-5062963,0,0,1,1014
2665,-720000,-720007,-5041497,0,0,1,1014
2670,-720000,-720007,-5020031,0,0,1,1014
2675,-720000,-720007,-4998565,0,0,1,1014
2680,-720000,-720007,-4977099,0,0,1,1014
2685,-720000,-720007,-4955633,0,0,1,1014
2690,-720000,-720007,-4934167,0,0,1,1014
2695,-720000,-720007,-4912701,0,0,1,1014
2700,-720000,-720007,-4891235,0,0,1,1014
2705,-720000,-720007,-4869769,0,0,1,1014
2710,-720000,-720007,-4848303,0,0,1,1014
2715,-720000,-720007,-4826837,0,0,1,1014
2720,-720000,-720007,-4805371,0,0,1,1014
2725,-720000,-720007,-4783905,0,0,1,1014
2730,-720000,-720007,-4762439,0,0,1,1014
2735,-720000,-720007,-4740973,0,0,1,1014
2740,-720000,-720007,-4719507,0,0,1,1014
2745,-720000,-720007,-4698041,0,0,1,1014
2750,-720000,-720007,-4676575,0,0,1,1014
2755,-720000,-720007,-4655109,0,0,1,1014
2760,-720000,-720007,-4633643,0,0,1,1014
2765,-720000,-720007,-4612177,0,0,1,1014
2770,-720000,-720007,-4590711,0,0,1,1014
2775,-720000,-720007,-4569245,0,0,1,1014
2780,-720000,-720007,-4547779,0,0,1,1014
2785,-720000,-720007,-4526313,0,0,1,1014
2790,-720000,-720007,-4504847,0,0,1,1014
2795,-720000,-720007,-4483381,0,0,1,1014
2800,-720000,-720007,-4461915,0,0,1,1014
2805,-720000,-720007,-4440449,0,0,1,1014
2810,-720000,-720007,-4418983,0,0,1,1014
2815,-720000,-720007,-4397517,0,0,1,1014
2820,-720000,-720007,-4376051,0,0,1,1014
2825,-720000,-720007,-4354585,0,0,1,1014
2830,-720000,-720007,-4333119,0,0,1,1014
2835,-720000,-720007,-4311653,0,0,1,1014
2840,-720000,-720007,-4290187,0,0,1,1014
2845,-720000,-720007,-4268721,0,0,1,1014
2850,-720000,-720007,-4247255,0,0,1,1014
2855,-720000,-720007,-4225789,0,0,1,1014
2860,-720000,-720007,-4204323,0,0,1,1014
2865,-720000,-720007,-4182857,0,0,1,1014
2870,-720000,-720007,-4161391,0,0,1,1014
2875,-720000,-720007,-4139925,0,0,1,1014
2880,-720000,-720007,-4118459,0,0,1,1014
2885,-720000,-720007,-4096993,0,0,1,1014
2890,-720000,-720007,-4075527,0,0,1,1014
2895,-720000,-720007,-4054061,0,0,1,1014
2900,-720000,-720007,-4032595,0,0,1,1014
2905,-720000,-720007,-4011129,0,0,1,1014
2910,-720000,-720007,-3989663,0,0,1,1014
2915,-720000,-720007,-3968197,0,0,1,1014
2920,-720000,-720007,-3946731,0,0,1,1014
2925,-720000,-720007,-3925265,0,0,1,1014
2930,-720000,-720007,-3903799,0,0,1,1014
2935,-720000,-720007,-3882333,0,0,1,1014
2940,-720000,-720007,-3860867,0,0,1,1014
2945,-720000,-720007,-3839401,0,0,1,1014
2950,-720000,-720007,-3817935,0,0,1,1014
2955,-720000,-720007,-3796469,0,0,1,1014
2960,-720000,-720007,-3775003,0,0,1,1014
2965,-720000,-720007,-3753537,0,0,1,1014
2970,-720000,-720007,-3732071,0,0,1,1014
2975,-720000,-720007,-3710605,0,0,1,1014
2980,-720000,-720007,-3689139,0,0,1,1014
2985,-720000,-720007,-3667673,0,0,1,1014
2990,-720000,-720007,-3646207,0,0,1,1014
2995,-720000,-720007,-3624741,0,0,1,1014
3000,-720000,-720007,-3603275,0,0,1,1014
3005,-720000,-720007,-3581809,0,0,1,1014
3010,-720000,-720007,-3560343,0,0,1,1014
3015,-720000,-720007,-3538877,0,0,1,1014
3020,-720000,-720007,-3517411,0,0,1,1014
3025,-720000,-720007,-3495945,0,0,1,1014
3030,-720000,-720007,-3474479,0,0,1,1014
3035,-720000,-720007,-3453013,0,0,1,1014
3040,-720000,-720007,-3431547,0,0,1,1014
3045,-720000,-720007,-3410081,0,0,1,1014
3050,-720000,-720007,-3388615,0,0,1,1014
3055,-720000,-720007,-3367149,0,0,1,1014
3060,-720000,-720007,-3345683,0,0,1,1014
3065,-720000,-720007,-3324217,0,0,1,1014
3070,-720000,-720007,-3302751,0,0,1,1014
3075,-720000,-720007,-3281285,0,0,1,1014
3080,-720000,-720007,-3259819,0,0,1,1014
3085,-720000,-720007,-3238353,0,0,1,1014
3090,-720000,-720007,-3216887,0,0,1,1014
3095,-720000,-720007,-3195421,0,0,1,1014
3100,-720000,-720007,-3173955,0,0,1,1014
3105,-720000,-720007,-3152489,0,0,1,1014
3110,-720000,-720007,-3131023,0,0,1,1014
3115,-720000,-720007,-3109557,0,0,1,1014
3120,-720000,-720007,-3088091,0,0,1,1014
3125,-720000,-720007,-3066625,0,0,1,1014
3130,-720000,-720007,-3045159,0,0,1,1014
3135,-720000,-720007,-3023693,0,0,1,1014
3140,-720000,-720007,-3002227,0,0,1,1014
3145,-720000,-720007,-2980761,0,0,1,1014
3150,-720000,-720007,-2959295,0,0,1,1014
3155,-720000,-720007,-2937829,0,0,1,1014
3160,-720000,-720007,-2916363,0,0,1,1014
3165,-720000,-720007,-2894897,0,0,1,1014
3170,-720000,-720007,-2873431,0,0,1,1014
3175,-720000,-720007,-2851965,0,0,1,1014
3180,-720000,-720007,-2830499,0,0,1,1014
3185,-720000,-720007,-2809033,0,0,1,1014
3190,-720000,-720007,-2787567,0,0,1,1014
3195,-720000,-720007,-2766101,0,0,1,1014
3200,-720000,-720007,-2744635,0,0,1,1014
3205,-720000,-720007,-2723169,0,0,1,1014
3210,-720000,-720007,-2701703,0,0,1,1014
3215,-720000,-720007,-2680237,0,0,1,1014
3220,-720000,-720007,-2658771,0,0,1,1014
3225,-720000,-720007,-2637305,0,0,1,1014
3230,-720000,-720007,-2615839,0,0,1,1014
3235,-720000,-720007,-2594373,0,0,1,1014
3240,-720000,-720007,-2572907,0,0,1,1014
3245,-720000,-720007,-2551441,0,0,1,1014
3250,-720000,-720007,-2529975,0,0,1,1014
3255,-720000,-720007,-2508509,0,0,1,1014
3260,-720000,-720007,-2487043,0,0,1,1014
3265,-720000,-720007,-2465577,0,0,1,1014
3270,-720000,-720007,-2444111,0,0,1,1014
3275,-720000,-720007,-2422645,0,0,1,1014
3280,-720000,-720007,-2401179,0,0,1,1014
3285,-720000,-720007,-2379713,0,0,1,1014
3290,-720000,-720007,-2358247,0,0,1,1014
3295,-720000,-720007,-2336781,0,0,1,1014
3300,-720000,-720007,-2315315,0,0,1,1014
3305,-720000,-720007,-2293849,0,0,1,1014
3310,-720000,-720007,-2272383,0,0,1,1014
3315,-720000,-720007,-2250917,0,0,1,1014
3320,-720000,-720007,-2229451,0,0,1,1014
3325,-720000,-720007,-2207985,0,0,1,1014
3330,-720000,-720007,-2186519,0,0,1,1014
3335,-720000,-720007,-2165053,0,0,1,1014
3340,-720000,-720007,-2143587,0,0,1,1014
3345,-720000,-720007,-2122121,0,0,1,1014
3350,-720000,-720007,-2100655,0,0,1,1014
3355,-720000,-720007,-2079189,0,0,1,1014
3360,-720000,-720007,-2057723,0,0,1,1014
3365,-720000,-720007,-2036257,0,0,1,1014
3370,-720000,-720007,-2014791,0,0,1,1014
3375,-720000,-720007,-1993325,0,0,1,1014
3380,-720000,-720007,-1971859,0,0,1,1014
3385,-720000,-720007,-1950393,0,0,1,1014
3390,-720000,-720007,-1928927,0,0,1,1014
3395,-720000,-720007,-1907461,0,0,1,1014
3400,-720000,-720007,-1885995,0,0,1,1014
3405,-720000,-720007,-1864529,0,0,1,1014
3410,-720000,-720007,-1843063,0,0,1,1014
3415,-720000,-720007,-1821597,0,0,1,1014
3420,-720000,-720007,-1800131,0,0,1,1014
3425,-720000,-720007,-1778665,0,0,1,1014
3430,-720000,-720007,-1757199,0,0,1,1014
3435,-720000,-720007,-1735733,0,0,1,1014
3440,-720000,-720007,-1714267,0,0,1,1014
3445,-720000,-720007,-1692801,0,0,1,1014
3450,-720000,-720007,-1671335,0,0,1,1014
3455,-720000,-720007,-1649869,0,0,1,1014
3460,-720000,-720007,-1628403,0,0,1,1014
3465,-720000,-720007,-1606937,0,0,1,1014
3470,-720000,-720007,-1585471,0,0,1,1014
3475,-720000,-720007,-1564005,0,0,1,1014
3480,-720000,-720007,-1542539,0,0,1,1014
3485,-720000,-720007,-1521073,0,0,1,1014
3490,-720000,-720007,-1499607,0,0,1,1014
3495,-720000,-720007,-1478141,0,0,1,1014
3500,-720000,-720007,-1456675,0,0,1,1014
3505,-720000,-720007,-1435209,0,0,1,1014
3510,-720000,-720007,-1413743,0,0,1,1014
3515,-720000,-720007,-1392277,0,0,1,1014
3520,-720000,-720007,-1370811,0,0,1,1014
3525,-720000,-720007,-1349345,0,0,1,1014
3530,-720000,-720007,-1327879,0,0,1,1014
3535,-720000,-720007,-1306413,0,0,1,1014
3540,-720000,-720007,-1284947,0,0,1,1014
3545,-720000,-720007,-1263481,0,0,1,1014
3550,-720000,-720007,-1242015,0,0,1,1014
3555,-720000,-720007,-1220549,0,0,1,1014
3560,-720000,-720007,-1199083,0,0,1,1014
3565,-720000,-720007,-1177617,0,0,1,1014
3570,-720000,-720007,-1156151,0,0,1,1014
3575,-720000,-720007,-1134685,0,0,1,1014
3580,-720000,-720007,-1113219,0,0,1,1014
3585,-720000,-720007,-1091753,0,0,1,1014
3590,-720000,-720007,-1070287,0,0,1,1014
3595,-720000,-720007,-1048821,0,0,1,1014
3600,-720000,-720007,-1027355,0,0,1,1014
3605,-720000,-720007,-1005889,0,0,1,1014
3610,-720000,-720007,-984423,0,0,1,1014
3615,-720000,-720007,-962957,0,0,1,1014
3620,-720000,-720007,-941491,0,0,1,1014
3625,-720000,-720007,-920025,0,0,1,1014
3630,-720000,-720007,-898559,0,0,1,1014
3635,-720000,-720007,-877093,0,0,1,1014
3640,-720000,-720007,-855627,0,0,1,1014
3645,-720000,-720007,-834161,0,0,1,1014
3650,-720000,-720007,-812695,0,0,1,1014
3655,-720000,-720007,-791229,0,0,1,1014
3660,-720000,-720007,-769763,0,0,1,1014
3665,-720000,-720007,-748524,0,0,1,-1395
3670,-720000,-720007,-728251,0,0,1,-4760
3675,-720000,-720007,-709825,0,0,1,-7562
3680,-720000,-720007,-693854,0,0,1,-8371
3685,-720000,-720007,-680660,0,0,1,-9966
3690,-720000,-720007,-670620,0,0,1,-10900
3695,-720000,-720007,-663942,0,0,1,-11173
3700,-720000,-720007,-660650,0,0,1,-10833
3705,-720000,-720007,-660605,0,0,1,-9946
3710,-720000,-720007,-663006,0,0,1,-8912
3715,-720000,-720007,-667511,0,0,1,-7524
3720,-720000,-720007,-673717,0,0,1,-5941
3725,-720000,-720007,-681170,0,0,1,-4259
3730,-720000,-720007,-689397,0,0,1,-2568
3735,-720000,-720007,-697930,0,0,1,-950
3740,-720000,-720007,-706327,0,0,1,521
3745,-720000,-720007,-714193,0,0,1,1786
3750,-720000,-720007,-721192,0,0,1,2805
3755,-720000,-720007,-727139,0,0,1,2728
3760,-720000,-720007,-732030,0,0,1,2782
3765,-720000,-720007,-735823,0,0,1,3156
3770,-720000,-720007,-738435,0,0,1,3301
3775,-720000,-720007,-739847,0,0,1,3224
3780,-720000,-720007,-740095,0,0,1,2949
3785,-720000,-720007,-739686,0,0,1,2738
3790,-720000,-720007,-738709,0,0,1,2434
3795,-720000,-720007,-737357,0,0,1,2088
3800,-720000,-720007,-735730,0,0,1,1720
3805,-720000,-720007,-733931,0,0,1,1349
3810,-720000,-720007,-732063,0,0,1,995
3815,-720000,-720007,-730223,0,0,1,672
3820,-720000,-720007,-728498,0,0,1,394
3825,-720000,-720007,-726961,0,0,1,170
3830,-720000,-720007,-725670,0,0,1,5
3835,-720000,-720007,-724665,0,0,1,-96
3840,-720000,-720007,-723967,0,0,1,-90
3845,-720000,-720007,-723566,0,0,1,17
3850,-720000,-720007,-723432,0,0,1,122
3855,-720000,-720007,-723411,0,0,1,136
3860,-720000,-720007,-723385,0,0,1,135
3865,-720000,-720007,-723360,0,0,1,134
3870,-720000,-720007,-723335,0,0,1,133
3875,-720000,-720007,-723310,0,0,1,132
3880,-720000,-720007,-723285,0,0,1,131
3885,-720000,-720007,-723261,0,0,1,130
3890,-720000,-720007,-723237,0,0,1,129
3895,-720000,-720007,-723213,0,0,1,128
3900,-720000,-720007,-723190,0,0,1,127
3905,-720000,-720007,-723167,0,0,1,127
3910,-720000,-720007,-723143,0,0,1,126
3915,-720000,-720007,-723119,0,0,1,125
3920,-720000,-720007,-723096,0,0,1,125
3925,-720000,-720007,-723073,0,0,1,124
3930,-720000,-720007,-723051,0,0,1,123
3935,-720000,-720007,-723029,0,0,1,121
3940,-720000,-720007,-723007,0,0,1,120
3945,-720000,-720007,-722985,0,0,1,120
3950,-720000,-720007,-722963,0,0,1,119
3955,-720000,-720007,-722940,0,0,1,118
3960,-720000,-720007,-722918,0,0,1,116
3965,-720000,-720007,-722896,0,0,1,116
3970,-720000,-720007,-722874,0,0,1,116
3975,-720000,-720007,-722852,0,0,1,115
3980,-720000,-720007,-722831,0,0,1,114
3985,-720000,-720007,-722810,0,0,1,113
3990,-720000,-720007,-722790,0,0,1,113
3995,-720000,-720007,-722769,0,0,1,111
TRACE END
