TRACE BEGIN axis=1 rows=800 kp=0.0002 ki=8e-07 kv=1.5e-06 kd=0 kff=0 ff=1 pwm=25000 target=-720 duration=4 vmax=1100 accel=2200 vscale=1 ascale=0.4 vsrc=1 vwin=40 valpha=0.05
t_ms,ref_mdeg,enc_mdeg,hat_mdeg,vref_mdegs,what_mdegs,duty_milli,cur_01ma
0,0,0,0,0,0,-47,0
5,-11,-38,-49,-4400,-974,-117,-513
10,-44,-86,-178,-8800,-2205,-117,-741
15,-150,-136,-332,-16234,-3487,-134,-775
20,-242,-192,-497,-20634,-4923,-144,-862
25,-356,-252,-679,-25034,-6462,-158,-935
30,-492,-320,-877,-29434,-8205,-174,-1030
35,-650,-418,-1100,-33834,-10718,-189,-1135
40,-831,-565,-1367,-38234,-14436,-199,-1214
45,-1033,-761,-1695,-42634,-18282,-203,-1244
50,-1257,-993,-2091,-47034,-23026,-205,-1241
55,-1503,-1247,-2553,-51434,-28205,-206,-1228
60,-1771,-1517,-3078,-55834,-33667,-209,-1218
65,-2061,-1800,-3664,-60234,-39359,-213,-1220
70,-2374,-2099,-4312,-64634,-45205,-219,-1235
75,-2708,-2420,-5028,-69034,-50692,-225,-1254
80,-3064,-2764,-5817,-73434,-55462,-230,-1274
85,-3442,-3133,-6683,-77834,-59692,-235,-1292
90,-3842,-3525,-7631,-82234,-63667,-240,-1304
95,-4264,-3940,-8666,-86634,-67692,-244,-1317
100,-4709,-4377,-9791,-91034,-71923,-249,-1331
105,-5175,-4835,-11009,-95434,-76333,-253,-1351
110,-5663,-5314,-12336,-99834,-80821,-258,-1467
115,-6173,-5816,-13802,-104234,-85359,-263,-1583
120,-6705,-6339,-15442,-108634,-89821,-268,-1705
125,-7259,-6885,-17291,-113034,-94256,-272,-1839
130,-7836,-7452,-19387,-117434,-98615,-277,-1989
135,-8434,-8042,-21775,-121834,-102974,-282,-2159
140,-9054,-8654,-24504,-126234,-107359,-315,-2353
145,-9696,-9307,-27638,-130634,-112256,-287,-2643
150,-10360,-9971,-31244,-135034,-116872,-290,-2804
155,-11047,-10641,-35383,-139434,-121077,-324,-3114
160,-11755,-11364,-40160,-143834,-126103,-297,-3617
165,-12485,-12090,-45688,-148234,-130615,-300,-3860
170,-13237,-12826,-52069,-152634,-134795,-333,-4432
175,-14011,-13619,-59467,-157034,-139897,-306,-5075
180,-14807,-14403,-68048,-161434,-144179,-337,-5583
185,-15626,-15211,-77975,-165834,-147974,-343,-6279
190,-16466,-16072,-89316,-170234,-153026,-315,-5643
195,-17328,-16921,-101912,-174634,-157436,-347,-5070
200,-18212,-17795,-115609,-179034,-161154,-353,-4567
205,-19118,-18712,-130270,-183434,-166077,-353,-4127
210,-20046,-19644,-145775,-187834,-170821,-355,-3742
215,-20997,-20574,-162019,-192234,-174282,-363,-3404
220,-21969,-21544,-178912,-196634,-179103,-366,-3109
225,-22963,-22542,-196372,-201034,-183641,-368,-2849
230,-23979,-23559,-214330,-205434,-187538,-372,-2622
235,-25017,-24594,-232723,-209834,-192359,-375,-2423
240,-26077,-25646,-251498,-214234,-196692,-379,-2248
245,-27160,-26716,-270607,-218634,-200436,-386,-2096
250,-28264,-27810,-290009,-223034,-204692,-391,-1962
255,-29390,-28928,-309668,-227434,-209308,-395,-1845
260,-30538,-30069,-329552,-231834,-213538,-400,-1743
265,-31708,-31232,-349633,-236234,-217641,-405,-1653
270,-32900,-32417,-369886,-240634,-221846,-410,-1574
275,-34115,-33625,-390290,-245034,-226205,-414,-1505
280,-35351,-34854,-410827,-249434,-230667,-419,-1444
285,-36609,-36104,-431479,-253834,-235154,-423,-1391
290,-37889,-37374,-452233,-258234,-239538,-428,-1345
295,-39191,-38667,-473076,-262634,-243923,-433,-1305
300,-40515,-39982,-493997,-267034,-248256,-438,-1269
305,-41862,-41320,-514986,-271434,-252641,-443,-1238
310,-43230,-42680,-536036,-275834,-257000,-447,-1210
315,-44620,-44062,-557138,-280234,-261359,-452,-1187
320,-46032,-45467,-578286,-284634,-265769,-457,-1166
325,-47466,-46893,-599474,-289034,-270179,-461,-1147
330,-48922,-48340,-620698,-293434,-274590,-466,-1131
335,-50401,-49810,-641952,-297834,-279000,-471,-1117
340,-51901,-51301,-663233,-302234,-283410,-476,-1105
345,-53423,-52814,-684538,-306634,-287795,-480,-1094
350,-54967,-54350,-705863,-311034,-292179,-485,-1084
355,-56533,-55908,-727207,-315434,-296564,-490,-1076
360,-58122,-57488,-748567,-319834,-300974,-494,-1068
365,-59732,-59089,-769941,-324234,-305359,-499,-1062
370,-61364,-60713,-791327,-328634,-309769,-504,-1057
375,-63018,-62359,-812724,-333034,-314179,-509,-1052
380,-64694,-64026,-834131,-337434,-318564,-513,-1048
385,-66392,-65716,-855545,-341834,-322974,-518,-1044
390,-68113,-67427,-876966,-346234,-327359,-523,-1041
395,-69855,-69161,-898394,-350634,-331769,-528,-1038
400,-71619,-70917,-919828,-355034,-336179,-532,-1035
405,-73405,-72694,-941267,-359434,-340564,-537,-1033
410,-75213,-74494,-962710,-363834,-344949,-542,-1031
415,-77043,-76316,-984157,-368234,-349359,-547,-1029
420,-78896,-78160,-1005606,-372634,-353769,-551,-1028
425,-80770,-80025,-1027058,-377034,-358179,-556,-1026
430,-82666,-81913,-1048512,-381434,-362590,-561,-1025
435,-84584,-83823,-1069969,-385834,-367000,-565,-1024
440,-86524,-85754,-1091428,-390234,-371359,-570,-1023
445,-88486,-87708,-1112888,-394634,-375769,-575,-1023
450,-90471,-89683,-1134350,-399034,-380154,-580,-1022
455,-92477,-91681,-1155813,-403434,-384564,-584,-1021
460,-94505,-93701,-1177277,-407834,-388974,-589,-1021
465,-96555,-95742,-1198742,-412234,-393359,-594,-1020
470,-98627,-97806,-1220208,-416634,-397769,-599,-1020
475,-100721,-99892,-1241675,-421034,-402179,-603,-1020
480,-102838,-101999,-1263143,-425434,-406564,-608,-1019
485,-104976,-104129,-1284611,-429834,-410974,-613,-1019
490,-107136,-106281,-1306080,-434234,-415385,-617,-1019
495,-109318,-108454,-1327549,-438634,-419769,-622,-1019
500,-111522,-110650,-1349019,-443034,-424179,-627,-1018
505,-113748,-112868,-1370489,-447434,-428590,-631,-1018
510,-115997,-115107,-1391959,-451834,-432949,-636,-1018
515,-118267,-117369,-1413430,-456234,-437359,-641,-1018
520,-120559,-119653,-1434901,-460634,-441795,-646,-1018
525,-122873,-121958,-1456372,-465034,-446154,-651,-1018
530,-125209,-124286,-1477843,-469434,-450564,-655,-1018
535,-127567,-126636,-1499314,-473834,-454974,-660,-1018
540,-129948,-129007,-1520785,-478234,-459359,-665,-1018
545,-132350,-131401,-1542257,-482634,-463769,-669,-1018
550,-134774,-133817,-1563729,-487034,-468179,-674,-1017
555,-137220,-136254,-1585201,-491434,-472564,-679,-1017
560,-139688,-138714,-1606673,-495834,-476974,-684,-1017
565,-142179,-141195,-1628145,-500234,-481359,-689,-1017
570,-144691,-143699,-1649617,-504634,-485769,-693,-1017
575,-147225,-146225,-1671089,-509034,-490179,-698,-1017
580,-149781,-148773,-1692561,-513434,-494590,-702,-1017
585,-152359,-151342,-1714033,-517834,-498974,-707,-1017
590,-154959,-153934,-1735505,-522234,-503385,-712,-1017
595,-157582,-156547,-1756977,-526634,-507769,-717,-1017
600,-160226,-159183,-1778449,-531034,-512179,-721,-1017
605,-162892,-161840,-1799921,-535434,-516564,-726,-1017
610,-165580,-164520,-1821393,-539834,-520949,-731,-1017
615,-168290,-167222,-1842865,-544234,-525359,-736,-1017
620,-171022,-169946,-1864337,-548634,-529769,-740,-1017
625,-173777,-172691,-1885809,-553034,-534154,-745,-1017
630,-176553,-175459,-1907281,-557434,-538564,-750,-1017
635,-179351,-178249,-1928753,-561834,-542974,-755,-1017
640,-182171,-181060,-1950225,-566234,-547359,-759,-1017
645,-185013,-183894,-1971697,-570634,-551769,-764,-1017
650,-187877,-186749,-1993169,-575034,-556154,-769,-1017
655,-190764,-189627,-2014641,-579434,-560564,-774,-1017
660,-193672,-192527,-2036113,-583834,-564974,-778,-1017
665,-196602,-195449,-2057585,-588234,-569385,-783,-1017
670,-199554,-198392,-2079057,-592634,-573769,-788,-1017
675,-202528,-201358,-2100529,-597034,-578179,-792,-1017
680,-205524,-204345,-2122001,-601434,-582564,-797,-1017
685,-208543,-207355,-2143473,-605834,-586974,-802,-1017
690,-211583,-210387,-2164945,-610234,-591385,-807,-1017
695,-214645,-213441,-2186417,-614634,-595769,-811,-1017
700,-217729,-216516,-2207889,-619034,-600154,-816,-1017
705,-220835,-219614,-2229361,-623434,-604564,-821,-1017
710,-223963,-222734,-2250833,-627834,-608974,-825,-1017
715,-227114,-225875,-2272305,-632234,-613385,-830,-1017
720,-230286,-229039,-2293777,-636634,-617769,-835,-1017
725,-233480,-232225,-2315249,-641034,-622179,-840,-1017
730,-236696,-235432,-2336721,-645434,-626564,-844,-1017
735,-239934,-238662,-2358193,-649834,-630974,-849,-1017
740,-243194,-241913,-2379665,-654234,-635359,-854,-1017
745,-246477,-245187,-2401137,-658634,-639769,-859,-1017
750,-249781,-248483,-2422609,-663034,-644179,-863,-1017
755,-253107,-251801,-2444081,-667434,-648590,-868,-1017
760,-256455,-255140,-2465553,-671834,-652974,-873,-1017
765,-259825,-258502,-2487025,-676234,-657385,-877,-1017
770,-263218,-261885,-2508497,-680634,-661769,-882,-1017
775,-266632,-265291,-2529969,-685034,-666179,-887,-1017
780,-270068,-268719,-2551441,-689434,-670590,-892,-1017
785,-273526,-272168,-2572913,-693834,-674949,-897,-1017
790,-277006,-275640,-2594385,-698234,-679359,-901,-1017
795,-280508,-279134,-2615857,-702634,-683769,-906,-1017
800,-284033,-282649,-2637329,-707034,-688179,-911,-1017
805,-287579,-286187,-2658801,-711434,-692564,-915,-1017
810,-291147,-289747,-2680273,-715834,-696974,-920,-1017
815,-294737,-293329,-2701745,-720234,-701385,-925,-1017
820,-298349,-296932,-2723217,-724634,-705769,-930,-1017
825,-301983,-300558,-2744689,-729034,-710179,-934,-1017
830,-305640,-304205,-2766161,-733434,-714564,-939,-1017
835,-309318,-307875,-2787633,-737834,-718974,-944,-1017
840,-313018,-311567,-2809105,-742234,-723385,-948,-1017
845,-316740,-315280,-2830577,-746634,-727769,-953,-1017
850,-320484,-319016,-2852049,-751034,-732179,-958,-1017
855,-324250,-322774,-2873521,-755434,-736564,-963,-1017
860,-328039,-326554,-2894993,-759834,-741000,-967,-1017
865,-331849,-330355,-2916465,-764234,-745359,-972,-1017
870,-335681,-334179,-2937937,-768634,-749795,-977,-1017
875,-339535,-338024,-2959409,-773034,-754154,-982,-1017
880,-343411,-341892,-2980881,-777434,-758564,-986,-1017
885,-347309,-345782,-3002353,-781834,-762974,-991,-1017
890,-351230,-349694,-3023825,-786234,-767385,-996,-1017
895,-355172,-353627,-3045297,-790634,-771769,-1000,-1017
900,-359136,-357581,-3066769,-795034,-776128,-1000,-1017
905,-363109,-361509,-3088241,-792546,-779256,-910,-1017
910,-367060,-365280,-3109713,-788146,-777795,-939,-1017
915,-370990,-369008,-3131185,-783746,-774667,-974,-1017
920,-374898,-372790,-3152657,-779346,-772359,-993,-1017
925,-378784,-376647,-3174129,-774946,-771410,-991,-1017
930,-382647,-380541,-3195601,-770546,-770846,-976,-1017
935,-386489,-384426,-3217073,-766146,-769462,-960,-1017
940,-390309,-388269,-3238545,-761746,-766564,-950,-1017
945,-394106,-392068,-3260017,-757346,-763974,-944,-1017
950,-397882,-395829,-3281489,-752946,-764205,-937,-1017
955,-401636,-399555,-3302961,-748546,-764000,-933,-1017
960,-405368,-403254,-3324433,-744146,-761487,-934,-1017
965,-409077,-406939,-3345905,-739746,-756795,-936,-1017
970,-412765,-410622,-3367377,-735346,-751333,-936,-1017
975,-416431,-414303,-3388849,-730946,-746282,-931,-1017
980,-420075,-417973,-3410321,-726546,-742051,-922,-1017
985,-423696,-421619,-3431793,-722146,-738359,-913,-1017
990,-427296,-425232,-3453265,-717746,-734744,-906,-1017
995,-430874,-428813,-3474737,-713346,-731205,-901,-1017
1000,-434429,-432366,-3496209,-708946,-727538,-898,-1017
1005,-437963,-435896,-3517681,-704546,-723590,-895,-1017
1010,-441475,-439407,-3539153,-700146,-719179,-892,-1017
1015,-444965,-442902,-3560625,-695746,-714462,-888,-1017
1020,-448432,-446381,-3582097,-691346,-709667,-884,-1017
1025,-451878,-449841,-3603569,-686946,-705051,-878,-1017
1030,-455302,-453279,-3625041,-682546,-700718,-872,-1017
1035,-458704,-456693,-3646513,-678146,-696590,-866,-1017
1040,-462083,-460080,-3667985,-673746,-692462,-862,-1017
1045,-465441,-463443,-3689457,-669346,-688308,-857,-1017
1050,-468777,-466783,-3710929,-664946,-684000,-853,-1017
1055,-472090,-470102,-3732401,-660546,-679564,-849,-1017
1060,-475382,-473401,-3753873,-656146,-675051,-845,-1017
1065,-478652,-476680,-3775345,-651746,-670513,-840,-1017
1070,-481900,-479939,-3796817,-647346,-666026,-835,-1017
1075,-485125,-483176,-3818289,-642946,-661641,-830,-1017
1080,-488329,-486389,-3839761,-638546,-657282,-825,-1017
1085,-491511,-489579,-3861233,-634146,-652974,-820,-1017
1090,-494671,-492747,-3882705,-629746,-648667,-815,-1017
1095,-497808,-495892,-3904177,-625346,-644308,-811,-1017
1100,-500924,-499015,-3925649,-620946,-639923,-806,-1017
1105,-504018,-502116,-3947121,-616546,-635436,-802,-1017
1110,-507090,-505197,-3968593,-612146,-631000,-797,-1017
1115,-510139,-508256,-3990065,-607746,-626564,-792,-1017
1120,-513167,-511293,-4011537,-603346,-622154,-787,-1017
1125,-516173,-514308,-4033009,-598946,-617769,-782,-1017
1130,-519156,-517300,-4054481,-594546,-613410,-778,-1017
1135,-522118,-520270,-4075953,-590146,-609026,-773,-1017
1140,-525058,-523218,-4097425,-585746,-604641,-768,-1017
1145,-527976,-526144,-4118897,-581346,-600256,-764,-1017
1150,-530871,-529048,-4140369,-576946,-595846,-759,-1017
1155,-533745,-531930,-4161841,-572546,-591410,-754,-1017
1160,-536597,-534791,-4183313,-568146,-587000,-749,-1017
1165,-539427,-537630,-4204785,-563746,-582615,-745,-1017
1170,-542234,-540446,-4226257,-559346,-578205,-740,-1017
1175,-545020,-543240,-4247729,-554946,-573795,-735,-1017
1180,-547784,-546013,-4269201,-550546,-569436,-730,-1017
1185,-550525,-548763,-4290673,-546146,-565051,-726,-1017
1190,-553245,-551491,-4312145,-541746,-560641,-721,-1017
1195,-555943,-554197,-4333617,-537346,-556231,-716,-1017
1200,-558619,-556881,-4355089,-532946,-551821,-712,-1017
1205,-561272,-559544,-4376561,-528546,-547410,-707,-1017
1210,-563904,-562184,-4398033,-524146,-543000,-702,-1017
1215,-566514,-564802,-4419505,-519746,-538590,-697,-1017
1220,-569102,-567399,-4440977,-515346,-534231,-693,-1017
1225,-571667,-569973,-4462449,-510946,-529821,-688,-1017
1230,-574211,-572526,-4483921,-506546,-525436,-683,-1017
1235,-576733,-575056,-4505393,-502146,-521026,-678,-1017
1240,-579232,-577564,-4526865,-497746,-516615,-674,-1017
1245,-581710,-580050,-4548337,-493346,-512205,-669,-1017
1250,-584166,-582514,-4569809,-488946,-507821,-664,-1017
1255,-586600,-584957,-4591281,-484546,-503436,-659,-1017
1260,-589011,-587377,-4612753,-480146,-499000,-655,-1017
1265,-591401,-589776,-4634225,-475746,-494641,-650,-1017
1270,-593769,-592152,-4655697,-471346,-490231,-645,-1017
1275,-596115,-594506,-4677169,-466946,-485821,-641,-1017
1280,-598438,-596838,-4698641,-462546,-481410,-636,-1017
1285,-600740,-599149,-4720113,-458146,-477026,-631,-1017
1290,-603020,-601437,-4741585,-453746,-472615,-626,-1017
1295,-605277,-603703,-4763057,-449346,-468205,-622,-1017
1300,-607513,-605948,-4784529,-444946,-463821,-617,-1017
1305,-609727,-608170,-4806001,-440546,-459410,-612,-1017
1310,-611919,-610370,-4827473,-436146,-455026,-608,-1017
1315,-614088,-612548,-4848945,-431746,-450615,-603,-1017
1320,-616236,-614705,-4870417,-427346,-446231,-598,-1017
1325,-618362,-616839,-4891889,-422946,-441821,-593,-1017
1330,-620466,-618951,-4913361,-418546,-437410,-589,-1017
1335,-622547,-621041,-4934833,-414146,-433000,-584,-1017
1340,-624607,-623110,-4956305,-409746,-428615,-579,-1017
1345,-626645,-625156,-4977777,-405346,-424205,-574,-1017
1350,-628660,-627181,-4999249,-400946,-419846,-570,-1017
1355,-630654,-629183,-5020721,-396546,-415436,-565,-1017
1360,-632626,-631163,-5042193,-392146,-411026,-560,-1017
1365,-634576,-633121,-5063665,-387746,-406615,-556,-1017
1370,-636503,-635058,-5085137,-383346,-402231,-551,-1017
1375,-638409,-636972,-5106609,-378946,-397821,-546,-1017
1380,-640293,-638865,-5128081,-374546,-393436,-541,-1017
1385,-642155,-640735,-5149553,-370146,-389026,-536,-1017
1390,-643994,-642583,-5171025,-365746,-384615,-532,-1017
1395,-645812,-644409,-5192497,-361346,-380231,-527,-1017
1400,-647608,-646213,-5213969,-356946,-375821,-522,-1017
1405,-649382,-647996,-5235441,-352546,-371436,-518,-1017
1410,-651133,-649756,-5256913,-348146,-367026,-513,-1017
1415,-652863,-651494,-5278385,-343746,-362615,-508,-1017
1420,-654571,-653211,-5299857,-339346,-358231,-503,-1017
1425,-656256,-654905,-5321329,-334946,-353821,-499,-1017
1430,-657920,-656577,-5342801,-330546,-349410,-494,-1017
1435,-659562,-658227,-5364273,-326146,-345000,-489,-1017
1440,-661182,-659856,-5385745,-321746,-340641,-484,-1017
1445,-662779,-661462,-5407217,-317346,-336231,-480,-1017
1450,-664355,-663046,-5428689,-312946,-331821,-475,-1017
1455,-665909,-664609,-5450161,-308546,-327436,-470,-1017
1460,-667441,-666149,-5471633,-304146,-323026,-466,-1017
1465,-668950,-667667,-5493105,-299746,-318615,-461,-1017
1470,-670438,-669164,-5514577,-295346,-314231,-456,-1017
1475,-671904,-670638,-5536049,-290946,-309821,-451,-1017
1480,-673347,-672090,-5557521,-286546,-305436,-447,-1017
1485,-674769,-673520,-5578993,-282146,-301026,-442,-1017
1490,-676169,-674928,-5600465,-277746,-296615,-437,-1017
1495,-677547,-676315,-5621937,-273346,-292231,-433,-1017
1500,-678902,-677679,-5643409,-268946,-287821,-428,-1017
1505,-680236,-679022,-5664881,-264546,-283436,-423,-1017
1510,-681548,-680342,-5686353,-260146,-279026,-418,-1017
1515,-682838,-681640,-5707825,-255746,-274615,-414,-1017
1520,-684105,-682916,-5729297,-251346,-270205,-409,-1017
1525,-685351,-684170,-5750769,-246946,-265795,-404,-1017
1530,-686575,-685403,-5772241,-242546,-261436,-399,-1017
1535,-687776,-686613,-5793713,-238146,-257026,-395,-1017
1540,-688956,-687801,-5815185,-233746,-252590,-390,-1017
1545,-690114,-688968,-5836657,-229346,-248231,-385,-1017
1550,-691250,-690112,-5858129,-224946,-243821,-381,-1017
1555,-692363,-691234,-5879601,-220546,-239410,-376,-1017
1560,-693455,-692335,-5901073,-216146,-235026,-371,-1017
1565,-694525,-693413,-5922545,-211746,-230641,-366,-1017
1570,-695573,-694469,-5944017,-207346,-226205,-362,-1017
1575,-696598,-695504,-5965489,-202946,-221821,-357,-1017
1580,-697602,-696516,-5986961,-198546,-217436,-352,-1017
1585,-698584,-697506,-6008433,-194146,-213026,-347,-1017
1590,-699543,-698474,-6029905,-189746,-208615,-343,-1017
1595,-700481,-699420,-6051377,-185346,-204205,-338,-1017
1600,-701397,-700345,-6072849,-180946,-199821,-333,-1017
1605,-702291,-701247,-6094321,-176546,-195410,-329,-1017
1610,-703162,-702127,-6115793,-172146,-191000,-324,-1017
1615,-704012,-702986,-6137265,-167746,-186615,-319,-1017
1620,-704840,-703822,-6158737,-163346,-182205,-314,-1017
1625,-705646,-704636,-6180209,-158946,-177795,-310,-1017
1630,-706429,-705429,-6201681,-154546,-173436,-305,-1017
1635,-707191,-706199,-6223153,-150146,-169026,-300,-1017
1640,-707931,-706947,-6244625,-145746,-164615,-296,-1017
1645,-708649,-707674,-6266097,-141346,-160231,-291,-1017
1650,-709344,-708378,-6287569,-136946,-155821,-286,-1017
1655,-710018,-709060,-6309041,-132546,-151410,-281,-1017
1660,-710670,-709720,-6330513,-128146,-147000,-277,-1017
1665,-711299,-710359,-6351985,-123746,-142615,-272,-1017
1670,-711907,-710975,-6373457,-119346,-138231,-267,-1017
1675,-712493,-711569,-6394929,-114946,-133821,-262,-1017
1680,-713057,-712141,-6416401,-110546,-129410,-258,-1017
1685,-713598,-712692,-6437873,-106146,-125026,-253,-1017
1690,-714118,-713220,-6459345,-101746,-120615,-248,-1017
1695,-714616,-713726,-6480817,-97346,-116205,-244,-1017
1700,-715092,-714211,-6502289,-92946,-111821,-239,-1017
1705,-715545,-714673,-6523761,-88546,-107410,-234,-1017
1710,-715977,-715113,-6545233,-84146,-103000,-229,-1017
1715,-716387,-715531,-6566705,-79746,-98615,-225,-1017
1720,-716774,-715928,-6588177,-75346,-94231,-220,-1017
1725,-717140,-716302,-6609649,-70946,-89821,-215,-1017
1730,-717484,-716654,-6631121,-66546,-85410,-210,-1017
1735,-717806,-716985,-6652593,-62146,-81026,-206,-1017
1740,-718105,-717293,-6674065,-57746,-76615,-201,-1017
1745,-718383,-717579,-6695537,-53346,-72205,-196,-1017
1750,-718639,-717844,-6717009,-48946,-67846,-191,-1017
1755,-718873,-718086,-6738481,-44546,-63436,-187,-1017
1760,-719084,-718306,-6759953,-40146,-59026,-182,-1017
1765,-719274,-718504,-6781425,-35746,-54615,-177,-1017
1770,-719442,-718681,-6802897,-31346,-50231,-172,-1017
1775,-719587,-718835,-6824369,-26946,-45821,-168,-1017
1780,-719711,-718967,-6845841,-22546,-41410,-163,-1017
1785,-719813,-719078,-6867313,-18146,-37026,-158,-1017
1790,-719893,-719166,-6888785,-13746,-32615,-154,-1017
1795,-719950,-719233,-6910257,-9346,-28256,-149,-1017
1800,-719986,-719292,-6931729,-4946,-24231,-140,-1017
1805,-720000,-719348,-6953201,-546,-20692,-128,-1017
1810,-720000,-719392,-6974673,0,-17410,-97,-1017
1815,-720000,-719432,-6996145,0,-14590,-93,-1017
1820,-720000,-719470,-7017617,0,-12282,-89,-1017
1825,-720000,-719506,-7039089,0,-10487,-85,-1017
1830,-720000,-719540,-7060561,0,-9205,-80,-1017
1835,-720000,-719572,-7082033,0,-8385,-75,-1017
1840,-720000,-719602,-7103505,0,-7641,-81,-1017
1845,-720000,-719635,-7124977,0,-7077,-75,-1017
1850,-720000,-719664,-7146449,0,-6769,-69,-1017
1855,-720000,-719692,-7167921,0,-6487,-63,-1017
1860,-720000,-719718,-7189393,0,-6179,-58,-1017
1865,-720000,-719741,-7210865,0,-5846,-53,-1017
1870,-720000,-719763,-7232337,0,-5564,-49,-1017
1875,-720000,-719783,-7253809,0,-5256,-45,-1017
1880,-720000,-719801,-7275281,0,-4923,-41,-1017
1885,-720000,-719818,-7296753,0,-4538,-38,-1017
1890,-720000,-719834,-7318225,0,-4205,-35,-1017
1895,-720000,-719848,-7339697,0,-3872,-32,-1017
1900,-720000,-719862,-7361169,0,-3564,-29,-1017
1905,-720000,-719874,-7382641,0,-3282,-27,-1017
1910,-720000,-719885,-7404113,0,-3026,-25,-1017
1915,-720000,-719895,-7425585,0,-2769,-23,-1017
1920,-720000,-719905,-7447057,0,-2564,-21,-1017
1925,-720000,-719914,-7468529,0,-2359,-19,-1017
1930,-720000,-719922,-7490001,0,-2179,-17,-1017
1935,-720000,-719930,-7511473,0,-2026,-16,-1017
1940,-720000,-719936,-7532945,0,-1846,-14,-1017
1945,-720000,-719943,-7554417,0,-1718,-13,-1017
1950,-720000,-719949,-7575889,0,-1590,-12,-1017
1955,-720000,-719954,-7597361,0,-1462,-11,-1017
1960,-720000,-719959,-7618833,0,-1333,-10,-1017
1965,-720000,-719963,-7640305,0,-1205,-9,-1017
1970,-720000,-719968,-7661777,0,-1128,-8,-1017
1975,-720000,-719971,-7683249,0,-1026,-7,-1017
1980,-720000,-719975,-7704721,0,-949,-7,-1017
1985,-720000,-719978,-7726193,0,-872,-6,-1017
1990,-720000,-719981,-7747665,0,-795,-5,-1017
1995,-720000,-719984,-7769137,0,-744,-5,-1017
2000,-720000,-719986,-7790609,0,-667,-4,-1017
2005,-720000,-719989,-7812081,0,-641,-4,-1017
2010,-720000,-719991,-7833553,0,-590,-3,-1017
2015,-720000,-719993,-7855025,0,-538,-3,-1017
2020,-720000,-719995,-7876497,0,-487,-3,-1017
2025,-720000,-719997,-7897969,0,-462,-2,-1017
2030,-720000,-719998,-7919441,0,-410,-2,-1017
2035,-720000,-720000,-7940913,0,-385,-2,-1017
2040,-720000,-720001,-7962385,0,-359,-1,-1017
2045,-720000,-720002,-7983857,0,-333,-1,-1017
2050,-720000,-720003,-8005329,0,-282,-1,-1017
2055,-720000,-720004,-8026801,0,-256,-1,-1017
2060,-720000,-720005,-8048273,0,-256,-1,-1017
2065,-720000,-720006,-8069745,0,-231,0,-1017
2070,-720000,-720007,-8091217,0,-205,0,-1017
2075,-720000,-720008,-8112689,0,-205,0,-1017
2080,-720000,-720009,-8132226,0,-205,0,19508
2085,-720000,-720009,-8146449,0,-179,0,17235
2090,-720000,-720010,-8155729,0,-179,0,14981
2095,-720000,-720010,-8160675,0,-154,0,13002
2100,-720000,-720010,-8161824,0,-103,0,11269
2105,-720000,-720011,-8160161,0,-128,1,10055
2110,-720000,-720011,-8156044,0,-103,1,8935
2115,-720000,-720011,-8149777,0,-77,1,7954
2120,-720000,-720012,-8141625,0,-77,1,7094
2125,-720000,-720012,-8131823,0,-77,1,6340
2130,-720000,-720012,-8120575,0,-51,1,5679
2135,-720000,-720013,-8108060,0,-77,1,5102
2140,-720000,-720013,-8094436,0,-77,1,4595
2145,-720000,-720013,-8079840,0,-51,1,4151
2150,-720000,-720013,-8064392,0,-51,1,3762
2155,-720000,-720013,-8048198,0,-51,1,3422
2160,-720000,-720013,-8031350,0,-26,1,3123
2165,-720000,-720013,-8013930,0,-26,1,2862
2170,-720000,-720013,-7996008,0,-26,1,2632
2175,-720000,-720013,-7977646,0,0,1,2432
2180,-720000,-720013,-7958899,0,0,1,2256
2185,-720000,-720013,-7939816,0,0,1,2102
2190,-720000,-720013,-7920438,0,0,1,1967
2195,-720000,-720013,-7900801,0,0,1,1849
2200,-720000,-720013,-7880937,0,0,1,1746
2205,-720000,-720013,-7860874,0,0,1,1655
2210,-720000,-720013,-7840637,0,0,1,1575
2215,-720000,-720013,-7820248,0,0,1,1506
2220,-720000,-720013,-7799726,0,0,1,1445
2225,-720000,-720013,-7779087,0,0,1,1392
2230,-720000,-720013,-7758345,0,0,1,1345
2235,-720000,-720013,-7737513,0,0,1,1304
2240,-720000,-720013,-7716603,0,0,1,1268
2245,-720000,-720013,-7695624,0,0,1,1237
2250,-720000,-720013,-7674584,0,0,1,1209
2255,-720000,-720013,-7653491,0,0,1,1185
2260,-720000,-720013,-7632352,0,0,1,1164
2265,-720000,-720013,-7611172,0,0,1,1145
2270,-720000,-720013,-7589957,0,0,1,1129
2275,-720000,-720013,-7568711,0,0,1,1115
2280,-720000,-720013,-7547438,0,0,1,1102
2285,-720000,-720013,-7526140,0,0,1,1091
2290,-720000,-720013,-7504822,0,0,1,1082
2295,-720000,-720013,-7483485,0,0,1,1073
2300,-720000,-720013,-7462133,0,0,1,1066
2305,-720000,-720013,-7440766,0,0,1,1060
2310,-720000,-720013,-7419387,0,0,1,1054
2315,-720000,-720013,-7397997,0,0,1,1049
2320,-720000,-720013,-7376598,0,0,1,1045
2325,-720000,-720013,-7355191,0,0,1,1041
2330,-720000,-720013,-7333776,0,0,1,1038
2335,-720000,-720013,-7312355,0,0,1,1035
2340,-720000,-720013,-7290928,0,0,1,1032
2345,-720000,-720013,-7269496,0,0,1,1030
2350,-720000,-720013,-7248060,0,0,1,1028
2355,-720000,-720013,-7226621,0,0,1,1026
2360,-720000,-720013,-7205178,0,0,1,1025
2365,-720000,-720013,-7183732,0,0,1,1023
2370,-720000,-720013,-7162284,0,0,1,1022
2375,-720000,-720013,-7140834,0,0,1,1021
2380,-720000,-720013,-7119382,0,0,1,1020
2385,-720000,-720013,-7097928,0,0,1,1020
2390,-720000,-720013,-7076472,0,0,1,1019
2395,-720000,-720013,-7055015,0,0,1,1018
2400,-720000,-720013,-7033557,0,0,1,1018
2405,-720000,-720013,-7012098,0,0,1,1017
2410,-720000,-720013,-6990638,0,0,1,1017
2415,-720000,-720013,-6969177,0,0,1,1017
2420,-720000,-720013,-6947715,0,0,1,1016
2425,-720000,-720013,-6926253,0,0,1,1016
2430,-720000,-720013,-6904790,0,0,1,1016
2435,-720000,-720013,-6883327,0,0,1,1016
2440,-720000,-720013,-6861863,0,0,1,1015
2445,-720000,-720013,-6840399,0,0,1,1015
2450,-720000,-720013,-6818935,0,0,1,1015
2455,-720000,-720013,-6797471,0,0,1,1015
2460,-720000,-720013,-6776006,0,0,1,1015
2465,-720000,-720013,-6754541,0,0,1,1015
2470,-720000,-720013,-6733076,0,0,1,1015
2475,-720000,-720013,-6711611,0,0,1,1015
2480,-720000,-720013,-6690146,0,0,1,1015
2485,-720000,-720013,-6668680,0,0,1,1014
2490,-720000,-720013,-6647214,0,0,1,1014
2495,-720000,-720013,-6625748,0,0,1,1014
2500,-720000,-720013,-6604282,0,0,1,1014
2505,-720000,-720013,-6582816,0,0,1,1014
2510,-720000,-720013,-6561350,0,0,1,1014
2515,-720000,-720013,-6539884,0,0,1,1014
2520,-720000,-720013,-6518418,0,0,1,1014
2525,-720000,-720013,-6496952,0,0,1,1014
2530,-720000,-720013,-6475486,0,0,1,1014
2535,-720000,-720013,-6454020,0,0,1,1014
2540,-720000,-720013,-6432554,0,0,1,1014
2545,-720000,-720013,-6411088,0,0,1,1014
2550,-720000,-720013,-6389622,0,0,1,1014
2555,-720000,-720013,-6368156,0,0,1,1014
2560,-720000,-720013,-6346690,0,0,1,1014
2565,-720000,-720013,-6325224,0,0,1,1014
2570,-720000,-720013,-6303758,0,0,1,1014
2575,-720000,-720013,-6282292,0,0,1,1014
2580,-720000,-720013,-6260826,0,0,1,1014
2585,-720000,-720013,-6239360,0,0,1,1014
2590,-720000,-720013,-6217894,0,0,1,1014
2595,-720000,-720013,-6196428,0,0,1,1014
2600,-720000,-720013,-6174962,0,0,1,1014
2605,-720000,-720013,-6153496,0,0,1,1014
2610,-720000,-720013,-6132030,0,0,1,1014
2615,-720000,-720013,-6110564,0,0,1,1014
2620,-720000,-720013,-6089098,0,0,1,1014
2625,-720000,-720013,-6067632,0,0,1,1014
2630,-720000,-720013,-6046166,0,0,1,1014
2635,-720000,-720013,-6024700,0,0,1,1014
2640,-720000,-720013,-6003234,0,0,1,1014
2645,-720000,-720013,-5981768,0,0,1,1014
2650,-720000,-720013,-5960302,0,0,1,1014
2655,-720000,-720013,-5938836,0,0,1,1014
2660,-720000,-720013,-5917370,0,0,1,1014
2665,-720000,-720013,-5895904,0,0,1,1014
2670,-720000,-720013,-5874438,0,0,1,1014
2675,-720000,-720013,-5852972,0,0,1,1014
2680,-720000,-720013,-5831506,0,0,1,1014
2685,-720000,-720013,-5810040,0,0,1,1014
2690,-720000,-720013,-5788574,0,0,1,1014
2695,-720000,-720013,-5767108,0,0,1,1014
2700,-720000,-720013,-5745642,0,0,1,1014
2705,-720000,-720013,-5724176,0,0,1,1014
2710,-720000,-720013,-5702710,0,0,1,1014
2715,-720000,-720013,-5681244,0,0,1,1014
2720,-720000,-720013,-5659778,0,0,1,1014
2725,-720000,-720013,-5638312,0,0,1,1014
2730,-720000,-720013,-5616846,0,0,1,1014
2735,-720000,-720013,-5595380,0,0,1,1014
2740,-720000,-720013,-5573914,0,0,1,1014
2745,-720000,-720013,-5552448,0,0,1,1014
2750,-720000,-720013,-5530982,0,0,1,1014
2755,-720000,-720013,-5509516,0,0,1,1014
2760,-720000,-720013,-5488050,0,0,1,1014
2765,-720000,-720013,-5466584,0,0,1,1014
2770,-720000,-720013,-5445118,0,0,1,1014
2775,-720000,-720013,-5423652,0,0,1,1014
2780,-720000,-720013,-5402186,0,0,1,1014
2785,-720000,-720013,-5380720,0,0,1,1014
2790,-720000,-720013,-5359254,0,0,1,1014
2795,-720000,-720013,-5337788,0,0,1,1014
2800,-720000,-720013,-5316322,0,0,1,1014
2805,-720000,-720013,-5294856,0,0,1,1014
2810,-720000,-720013,-5273390,0,0,1,1014
2815,-720000,-720013,-5251924,0,0,1,1014
2820,-720000,-720013,-5230458,0,0,1,1014
2825,-720000,-720013,-5208992,0,0,1,1014
2830,-720000,-720013,-5187526,0,0,1,1014
2835,-720000,-720013,-5166060,0,0,1,1014
2840,-720000,-720013,-5144594,0,0,1,1014
2845,-720000,-720013,-5123128,0,0,1,1014
2850,-720000,-720013,-5101662,0,0,1,1014
2855,-720000,-720013,-5080196,0,0,1,1014
2860,-720000,-720013,-5058730,0,0,1,1014
2865,-720000,-720013,-5037264,0,0,1,1014
2870,-720000,-720013,-5015798,0,0,1,1014
2875,-720000,-720013,-4994332,0,0,1,1014
2880,-720000,-720013,-4972866,0,0,1,1014
2885,-720000,-720013,-4951400,0,0,1,1014
2890,-720000,-720013,-4929934,0,0,1,1014
2895,-720000,-720013,-4908468,0,0,1,1014
2900,-720000,-720013,-4887002,0,0,1,1014
2905,-720000,-720013,-4865536,0,0,1,1014
2910,-720000,-720013,-4844070,0,0,1,1014
2915,-720000,-720013,-4822604,0,0,1,1014
2920,-720000,-720013,-4801138,0,0,1,1014
2925,-720000,-720013,-4779672,0,0,1,1014
2930,-720000,-720013,-4758206,0,0,1,1014
2935,-720000,-720013,-4736740,0,0,1,1014
2940,-720000,-720013,-4715274,0,0,1,1014
2945,-720000,-720013,-4693808,0,0,1,1014
2950,-720000,-720013,-4672342,0,0,1,1014
2955,-720000,-720013,-4650876,0,0,1,1014
2960,-720000,-720013,-4629410,0,0,1,1014
2965,-720000,-720013,-4607944,0,0,1,1014
2970,-720000,-720013,-4586478,0,0,1,1014
2975,-720000,-720013,-4565012,0,0,1,1014
2980,-720000,-720013,-4543546,0,0,1,1014
2985,-720000,-720013,-4522080,0,0,1,1014
2990,-720000,-720013,-4500614,0,0,1,1014
2995,-720000,-720013,-4479148,0,0,1,1014
3000,-720000,-720013,-4457682,0,0,1,1014
3005,-720000,-720013,-4436216,0,0,1,1014
3010,-720000,-720013,-4414750,0,0,1,1014
3015,-720000,-720013,-4393284,0,0,1,1014
3020,-720000,-720013,-4371818,0,0,1,1014
3025,-720000,-720013,-4350352,0,0,1,1014
3030,-720000,-720013,-4328886,0,0,1,1014
3035,-720000,-720013,-4307420,0,0,1,1014
3040,-720000,-720013,-4285954,0,0,1,1014
3045,-720000,-720013,-4264488,0,0,1,1014
3050,-720000,-720013,-4243022,0,0,1,1014
3055,-720000,-720013,-4221556,0,0,1,1014
3060,-720000,-720013,-4200090,0,0,1,1014
3065,-720000,-720013,-4178624,0,0,1,1014
3070,-720000,-720013,-4157158,0,0,1,1014
3075,-720000,-720013,-4135692,0,0,1,1014
3080,-720000,-720013,-4114226,0,0,1,1014
3085,-720000,-720013,-4092760,0,0,1,1014
3090,-720000,-720013,-4071294,0,0,1,1014
3095,-720000,-720013,-4049828,0,0,1,1014
3100,-720000,-720013,-4028362,0,0,1,1014
3105,-720000,-720013,-4006896,0,0,1,1014
3110,-720000,-720013,-3985430,0,0,1,1014
3115,-720000,-720013,-3963964,0,0,1,1014
3120,-720000,-720013,-3942498,0,0,1,1014
3125,-720000,-720013,-3921032,0,0,1,1014
3130,-720000,-720013,-3899566,0,0,1,1014
3135,-720000,-720013,-3878100,0,0,1,1014
3140,-720000,-720013,-3856634,0,0,1,1014
3145,-720000,-720013,-3835168,0,0,1,1014
3150,-720000,-720013,-3813702,0,0,1,1014
3155,-720000,-720013,-3792236,0,0,1,1014
3160,-720000,-720013,-3770770,0,0,1,1014
3165,-720000,-720013,-3749304,0,0,1,1014
3170,-720000,-720013,-3727838,0,0,1,1014
3175,-720000,-720013,-3706372,0,0,1,1014
3180,-720000,-720013,-3684906,0,0,1,1014
3185,-720000,-720013,-3663440,0,0,1,1014
3190,-720000,-720013,-3641974,0,0,1,1014
3195,-720000,-720013,-3620508,0,0,1,1014
3200,-720000,-720013,-3599042,0,0,1,1014
3205,-720000,-720013,-3577576,0,0,1,1014
3210,-720000,-720013,-3556110,0,0,1,1014
3215,-720000,-720013,-3534644,0,0,1,1014
3220,-720000,-720013,-3513178,0,0,1,1014
3225,-720000,-720013,-3491712,0,0,1,1014
3230,-720000,-720013,-3470246,0,0,1,1014
3235,-720000,-720013,-3448780,0,0,1,1014
3240,-720000,-720013,-3427314,0,0,1,1014
3245,-720000,-720013,-3405848,0,0,1,1014
3250,-720000,-720013,-3384382,0,0,1,1014
3255,-720000,-720013,-3362916,0,0,1,1014
3260,-720000,-720013,-3341450,0,0,1,1014
3265,-720000,-720013,-3319984,0,0,1,1014
3270,-720000,-720013,-3298518,0,0,1,1014
3275,-720000,-720013,-3277052,0,0,1,1014
3280,-720000,-720013,-3255586,0,0,1,1014
3285,-720000,-720013,-3234120,0,0,1,1014
3290,-720000,-720013,-3212654,0,0,1,1014
3295,-720000,-720013,-3191188,0,0,1,1014
3300,-720000,-720013,-3169722,0,0,1,1014
3305,-720000,-720013,-3148256,0,0,1,1014
3310,-720000,-720013,-3126790,0,0,1,1014
3315,-720000,-720013,-3105324,0,0,1,1014
3320,-720000,-720013,-3083858,0,0,1,1014
3325,-720000,-720013,-3062392,0,0,1,1014
3330,-720000,-720013,-3040926,0,0,1,1014
3335,-720000,-720013,-3019460,0,0,1,1014
3340,-720000,-720013,-2997994,0,0,1,1014
3345,-720000,-720013,-2976528,0,0,1,1014
3350,-720000,-720013,-2955062,0,0,1,1014
3355,-720000,-720013,-2933596,0,0,1,1014
3360,-720000,-720013,-2912130,0,0,1,1014
3365,-720000,-720013,-2890664,0,0,1,1014
3370,-720000,-720013,-2869198,0,0,1,1014
3375,-720000,-720013,-2847732,0,0,1,1014
3380,-720000,-720013,-2826266,0,0,1,1014
3385,-720000,-720013,-2804800,0,0,1,1014
3390,-720000,-720013,-2783334,0,0,1,1014
3395,-720000,-720013,-2761868,0,0,1,1014
3400,-720000,-720013,-2740402,0,0,1,1014
3405,-720000,-720013,-2718936,0,0,1,1014
3410,-720000,-720013,-2697470,0,0,1,1014
3415,-720000,-720013,-2676004,0,0,1,1014
3420,-720000,-720013,-2654538,0,0,1,1014
3425,-720000,-720013,-2633072,0,0,1,1014
3430,-720000,-720013,-2611606,0,0,1,1014
3435,-720000,-720013,-2590140,0,0,1,1014
3440,-720000,-720013,-2568674,0,0,1,1014
3445,-720000,-720013,-2547208,0,0,1,1014
3450,-720000,-720013,-2525742,0,0,1,1014
3455,-720000,-720013,-2504276,0,0,1,1014
3460,-720000,-720013,-2482810,0,0,1,1014
3465,-720000,-720013,-2461344,0,0,1,1014
3470,-720000,-720013,-2439878,0,0,1,1014
3475,-720000,-720013,-2418412,0,0,1,1014
3480,-720000,-720013,-2396946,0,0,1,1014
3485,-720000,-720013,-2375480,0,0,1,1014
3490,-720000,-720013,-2354014,0,0,1,1014
3495,-720000,-720013,-2332548,0,0,1,1014
3500,-720000,-720013,-2311082,0,0,1,1014
3505,-720000,-720013,-2289616,0,0,1,1014
3510,-720000,-720013,-2268150,0,0,1,1014
3515,-720000,-720013,-2246684,0,0,1,1014
3520,-720000,-720013,-2225218,0,0,1,1014
3525,-720000,-720013,-2203752,0,0,1,1014
3530,-720000,-720013,-2182286,0,0,1,1014
3535,-720000,-720013,-2160820,0,0,1,1014
3540,-720000,-720013,-2139354,0,0,1,1014
3545,-720000,-720013,-2117888,0,0,1,1014
3550,-720000,-720013,-2096422,0,0,1,1014
3555,-720000,-720013,-2074956,0,0,1,1014
3560,-720000,-720013,-2053490,0,0,1,1014
3565,-720000,-720013,-2032024,0,0,1,1014
3570,-720000,-720013,-2010558,0,0,1,1014
3575,-720000,-720013,-1989092,0,0,1,1014
3580,-720000,-720013,-1967626,0,0,1,1014
3585,-720000,-720013,-1946160,0,0,1,1014
3590,-720000,-720013,-1924694,0,0,1,1014
3595,-720000,-720013,-1903228,0,0,1,1014
3600,-720000,-720013,-1881762,0,0,1,1014
3605,-720000,-720013,-1860296,0,0,1,1014
3610,-720000,-720013,-1838830,0,0,1,1014
3615,-720000,-720013,-1817364,0,0,1,1014
3620,-720000,-720013,-1795898,0,0,1,1014
3625,-720000,-720013,-1774432,0,0,1,1014
3630,-720000,-720013,-1752966,0,0,1,1014
3635,-720000,-720013,-1731500,0,0,1,1014
3640,-720000,-720013,-1710034,0,0,1,1014
3645,-720000,-720013,-1688568,0,0,1,1014
3650,-720000,-720013,-1667102,0,0,1,1014
3655,-720000,-720013,-1645636,0,0,1,1014
3660,-720000,-720013,-1624170,0,0,1,1014
3665,-720000,-720013,-1602704,0,0,1,1014
3670,-720000,-720013,-1581238,0,0,1,1014
3675,-720000,-720013,-1559772,0,0,1,1014
3680,-720000,-720013,-1538306,0,0,1,1014
3685,-720000,-720013,-1516840,0,0,1,1014
3690,-720000,-720013,-1495374,0,0,1,1014
3695,-720000,-720013,-1473908,0,0,1,1014
3700,-720000,-720013,-1452442,0,0,1,1014
3705,-720000,-720013,-1430976,0,0,1,1014
3710,-720000,-720013,-1409510,0,0,1,1014
3715,-720000,-720013,-1388044,0,0,1,1014
3720,-720000,-720013,-1366578,0,0,1,1014
3725,-720000,-720013,-1345112,0,0,1,1014
3730,-720000,-720013,-1323646,0,0,1,1014
3735,-720000,-720013,-1302180,0,0,1,1014
3740,-720000,-720013,-1280714,0,0,1,1014
3745,-720000,-720013,-1259248,0,0,1,1014
3750,-720000,-720013,-1237782,0,0,1,1014
3755,-720000,-720013,-1216316,0,0,1,1014
3760,-720000,-720013,-1194850,0,0,1,1014
3765,-720000,-720013,-1173384,0,0,1,1014
3770,-720000,-720013,-1151918,0,0,1,1014
3775,-720000,-720013,-1130452,0,0,1,1014
3780,-720000,-720013,-1108986,0,0,1,1014
3785,-720000,-720013,-1087520,0,0,1,1014
3790,-720000,-720013,-1066054,0,0,1,1014
3795,-720000,-720013,-1044588,0,0,1,1014
3800,-720000,-720013,-1023122,0,0,1,1014
3805,-720000,-720013,-1001656,0,0,1,1014
3810,-720000,-720013,-980190,0,0,1,1014
3815,-720000,-720013,-958724,0,0,1,1014
3820,-720000,-720013,-937258,0,0,1,1014
3825,-720000,-720013,-915792,0,0,1,1014
3830,-720000,-720013,-894326,0,0,1,1014
3835,-720000,-720013,-872860,0,0,1,1014
3840,-720000,-720013,-851394,0,0,1,1014
3845,-720000,-720013,-829928,0,0,1,1014
3850,-720000,-720013,-808462,0,0,1,1014
3855,-720000,-720013,-786996,0,0,1,1014
3860,-720000,-720013,-765530,0,0,1,1014
3865,-720000,-720013,-744360,0,0,1,-2121
3870,-720000,-720013,-724342,0,0,1,-5394
3875,-720000,-720013,-706331,0,0,1,-7985
3880,-720000,-720013,-690891,0,0,1,-8758
3885,-720000,-720013,-678325,0,0,1,-10214
3890,-720000,-720013,-668971,0,0,1,-11009
3895,-720000,-720013,-662998,0,0,1,-11151
3900,-720000,-720013,-660396,0,0,1,-10690
3905,-720000,-720013,-660993,0,0,1,-9701
3910,-720000,-720013,-663961,0,0,1,-8587
3915,-720000,-720013,-668937,0,0,1,-7140
3920,-720000,-720013,-675502,0,0,1,-5523
3925,-720000,-720013,-683197,0,0,1,-3831
3930,-720000,-720013,-691546,0,0,1,-2150
3935,-720000,-720013,-700086,0,0,1,-562
3940,-720000,-720013,-708386,0,0,1,861
3945,-720000,-720013,-716063,0,0,1,2069
3950,-720000,-720013,-722813,0,0,1,2881
3955,-720000,-720013,-728500,0,0,1,2675
3960,-720000,-720013,-733128,0,0,1,2904
3965,-720000,-720013,-736630,0,0,1,3221
3970,-720000,-720013,-738940,0,0,1,3306
3975,-720000,-720013,-740052,0,0,1,3177
3980,-720000,-720013,-740017,0,0,1,2854
3985,-720000,-720013,-739454,0,0,1,2679
3990,-720000,-720013,-738446,0,0,1,2377
3995,-720000,-720013,-737079,0,0,1,2032
TRACE END
