TRACE BEGIN axis=1 rows=800 kp=0.0002 ki=8e-07 kv=1e-06 kd=0 kff=0 ff=1 pwm=25000 target=-720 duration=4 vmax=1100 accel=2200 vscale=1 ascale=0.4 vsrc=1 vwin=40 valpha=0.05
t_ms,ref_mdeg,enc_mdeg,hat_mdeg,vref_mdegs,what_mdegs,duty_milli,cur_01ma
0,0,0,0,0,0,-47,0
5,-11,-38,-49,-4400,-974,-117,-513
10,-44,-86,-178,-8800,-2205,-117,-741
15,-150,-136,-332,-16234,-3487,-134,-775
20,-242,-192,-497,-20634,-4923,-144,-862
25,-356,-252,-679,-25034,-6462,-158,-935
30,-492,-320,-877,-29434,-8205,-174,-1030
35,-650,-418,-1100,-33834,-10718,-189,-1135
40,-831,-565,-1367,-38234,-14436,-199,-1214
45,-1033,-761,-1695,-42634,-18282,-203,-1244
50,-1257,-993,-2091,-47034,-23026,-205,-1241
55,-1503,-1247,-2553,-51434,-28205,-206,-1228
60,-1771,-1517,-3078,-55834,-33667,-209,-1218
65,-2061,-1800,-3664,-60234,-39359,-213,-1220
70,-2374,-2099,-4312,-64634,-45205,-219,-1235
75,-2708,-2420,-5028,-69034,-50692,-225,-1254
80,-3064,-2764,-5817,-73434,-55462,-230,-1274
85,-3442,-3133,-6683,-77834,-59692,-235,-1292
90,-3842,-3525,-7631,-82234,-63667,-240,-1304
95,-4264,-3940,-8666,-86634,-67692,-244,-1317
100,-4709,-4377,-9791,-91034,-71923,-249,-1331
105,-5175,-4835,-11009,-95434,-76333,-253,-1351
110,-5663,-5314,-12336,-99834,-80821,-258,-1467
115,-6173,-5816,-13802,-104234,-85359,-263,-1583
120,-6705,-6339,-15442,-108634,-89821,-268,-1705
125,-7259,-6885,-17291,-113034,-94256,-272,-1839
130,-7836,-7452,-19387,-117434,-98615,-277,-1989
135,-8434,-8042,-21775,-121834,-102974,-282,-2159
140,-9054,-8654,-24504,-126234,-107359,-305,-2353
145,-9696,-9305,-27638,-130634,-112205,-288,-2645
150,-10360,-9970,-31245,-135034,-116846,-291,-2806
155,-11047,-10642,-35386,-139434,-121103,-315,-3113
160,-11755,-11356,-40162,-143834,-125897,-298,-3597
165,-12485,-12090,-45688,-148234,-130615,-300,-3893
170,-13237,-12827,-52070,-152634,-134821,-324,-4408
175,-14011,-13606,-59464,-157034,-139564,-326,-5059
180,-14807,-14409,-68046,-161434,-144333,-310,-5662
185,-15626,-15212,-77988,-165834,-148051,-334,-6273
190,-16466,-16050,-89342,-170234,-152462,-338,-5637
195,-17328,-16915,-101950,-174634,-157308,-340,-5064
200,-18212,-17800,-115657,-179034,-161436,-343,-4563
205,-19118,-18702,-130327,-183434,-165795,-347,-4123
210,-20046,-19621,-145840,-187834,-170282,-351,-3739
215,-20997,-20559,-162091,-192234,-174179,-357,-3401
220,-21969,-21521,-178990,-196634,-178282,-363,-3106
225,-22963,-22507,-196456,-201034,-182821,-367,-2847
230,-23979,-23515,-214418,-205434,-187026,-372,-2620
235,-25017,-24547,-232816,-209834,-191179,-377,-2422
240,-26077,-25600,-251595,-214234,-195410,-381,-2247
245,-27160,-26675,-270708,-218634,-199769,-386,-2095
250,-28264,-27771,-290113,-223034,-204205,-390,-1961
255,-29390,-28889,-309775,-227434,-208692,-395,-1844
260,-30538,-30028,-329661,-231834,-213128,-400,-1742
265,-31708,-31189,-349744,-236234,-217487,-405,-1652
270,-32900,-32372,-369999,-240634,-221846,-410,-1573
275,-34115,-33578,-390405,-245034,-226205,-414,-1504
280,-35351,-34806,-410943,-249434,-230590,-419,-1444
285,-36609,-36056,-431596,-253834,-234974,-424,-1391
290,-37889,-37327,-452351,-258234,-239333,-428,-1345
295,-39191,-38621,-473195,-262634,-243744,-433,-1305
300,-40515,-39937,-494117,-267034,-248179,-438,-1268
305,-41862,-41275,-515107,-271434,-252615,-442,-1238
310,-43230,-42634,-536157,-275834,-257000,-447,-1210
315,-44620,-44016,-557260,-280234,-261385,-452,-1187
320,-46032,-45419,-578409,-284634,-265769,-457,-1165
325,-47466,-46845,-599598,-289034,-270179,-461,-1147
330,-48922,-48293,-620822,-293434,-274564,-466,-1130
335,-50401,-49762,-642076,-297834,-278949,-471,-1117
340,-51901,-51254,-663357,-302234,-283359,-476,-1105
345,-53423,-52768,-684662,-306634,-287769,-480,-1094
350,-54967,-54303,-705988,-311034,-292154,-485,-1084
355,-56533,-55861,-727332,-315434,-296590,-490,-1076
360,-58122,-57441,-748692,-319834,-301000,-494,-1068
365,-59732,-59042,-770066,-324234,-305359,-499,-1062
370,-61364,-60666,-791452,-328634,-309769,-504,-1057
375,-63018,-62312,-812849,-333034,-314179,-509,-1052
380,-64694,-63979,-834256,-337434,-318564,-513,-1048
385,-66392,-65669,-855670,-341834,-322974,-518,-1044
390,-68113,-67380,-877091,-346234,-327359,-523,-1041
395,-69855,-69114,-898519,-350634,-331769,-528,-1038
400,-71619,-70870,-919953,-355034,-336179,-532,-1035
405,-73405,-72648,-941392,-359434,-340590,-537,-1033
410,-75213,-74447,-962835,-363834,-344974,-542,-1031
415,-77043,-76269,-984282,-368234,-349385,-546,-1029
420,-78896,-78112,-1005731,-372634,-353769,-551,-1028
425,-80770,-79978,-1027183,-377034,-358179,-556,-1026
430,-82666,-81865,-1048637,-381434,-362564,-561,-1025
435,-84584,-83775,-1070094,-385834,-366949,-565,-1024
440,-86524,-85707,-1091553,-390234,-371359,-570,-1023
445,-88486,-87661,-1113013,-394634,-375769,-575,-1023
450,-90471,-89636,-1134475,-399034,-380154,-580,-1022
455,-92477,-91634,-1155938,-403434,-384564,-584,-1021
460,-94505,-93654,-1177402,-407834,-388974,-589,-1021
465,-96555,-95696,-1198867,-412234,-393385,-594,-1020
470,-98627,-97759,-1220333,-416634,-397769,-599,-1020
475,-100721,-99845,-1241800,-421034,-402179,-603,-1020
480,-102838,-101952,-1263268,-425434,-406564,-608,-1019
485,-104976,-104082,-1284736,-429834,-410974,-613,-1019
490,-107136,-106234,-1306205,-434234,-415385,-617,-1019
495,-109318,-108407,-1327674,-438634,-419769,-622,-1019
500,-111522,-110603,-1349144,-443034,-424179,-627,-1018
505,-113748,-112820,-1370614,-447434,-428564,-632,-1018
510,-115997,-115060,-1392084,-451834,-432974,-636,-1018
515,-118267,-117322,-1413555,-456234,-437385,-641,-1018
520,-120559,-119605,-1435026,-460634,-441769,-646,-1018
525,-122873,-121911,-1456497,-465034,-446179,-651,-1018
530,-125209,-124239,-1477968,-469434,-450564,-655,-1018
535,-127567,-126588,-1499439,-473834,-454949,-660,-1018
540,-129948,-128960,-1520910,-478234,-459359,-665,-1018
545,-132350,-131354,-1542382,-482634,-463769,-669,-1018
550,-134774,-133769,-1563854,-487034,-468154,-674,-1017
555,-137220,-136207,-1585326,-491434,-472564,-679,-1017
560,-139688,-138667,-1606798,-495834,-476974,-684,-1017
565,-142179,-141148,-1628270,-500234,-481359,-688,-1017
570,-144691,-143652,-1649742,-504634,-485769,-693,-1017
575,-147225,-146178,-1671214,-509034,-490179,-698,-1017
580,-149781,-148725,-1692686,-513434,-494564,-703,-1017
585,-152359,-151295,-1714158,-517834,-498974,-707,-1017
590,-154959,-153887,-1735630,-522234,-503385,-712,-1017
595,-157582,-156500,-1757102,-526634,-507769,-717,-1017
600,-160226,-159136,-1778574,-531034,-512179,-721,-1017
605,-162892,-161794,-1800046,-535434,-516590,-726,-1017
610,-165580,-164473,-1821518,-539834,-520974,-731,-1017
615,-168290,-167175,-1842990,-544234,-525359,-736,-1017
620,-171022,-169898,-1864462,-548634,-529769,-741,-1017
625,-173777,-172644,-1885934,-553034,-534179,-745,-1017
630,-176553,-175412,-1907406,-557434,-538564,-750,-1017
635,-179351,-178202,-1928878,-561834,-542974,-754,-1017
640,-182171,-181013,-1950350,-566234,-547359,-759,-1017
645,-185013,-183847,-1971822,-570634,-551769,-764,-1017
650,-187877,-186703,-1993294,-575034,-556179,-769,-1017
655,-190764,-189580,-2014766,-579434,-560564,-773,-1017
660,-193672,-192480,-2036238,-583834,-564974,-778,-1017
665,-196602,-195402,-2057710,-588234,-569385,-783,-1017
670,-199554,-198345,-2079182,-592634,-573769,-788,-1017
675,-202528,-201311,-2100654,-597034,-578179,-792,-1017
680,-205524,-204298,-2122126,-601434,-582564,-797,-1017
685,-208543,-207308,-2143598,-605834,-586974,-802,-1017
690,-211583,-210340,-2165070,-610234,-591385,-807,-1017
695,-214645,-213393,-2186542,-614634,-595769,-811,-1017
700,-217729,-216469,-2208014,-619034,-600154,-816,-1017
705,-220835,-219567,-2229486,-623434,-604564,-821,-1017
710,-223963,-222687,-2250958,-627834,-608974,-825,-1017
715,-227114,-225828,-2272430,-632234,-613385,-830,-1017
720,-230286,-228992,-2293902,-636634,-617795,-835,-1017
725,-233480,-232177,-2315374,-641034,-622154,-840,-1017
730,-236696,-235385,-2336846,-645434,-626564,-844,-1017
735,-239934,-238615,-2358318,-649834,-630974,-849,-1017
740,-243194,-241867,-2379790,-654234,-635385,-854,-1017
745,-246477,-245140,-2401262,-658634,-639769,-859,-1017
750,-249781,-248436,-2422734,-663034,-644179,-863,-1017
755,-253107,-251753,-2444206,-667434,-648564,-868,-1017
760,-256455,-255093,-2465678,-671834,-652974,-873,-1017
765,-259825,-258455,-2487150,-676234,-657385,-877,-1017
770,-263218,-261838,-2508622,-680634,-661769,-882,-1017
775,-266632,-265244,-2530094,-685034,-666179,-887,-1017
780,-270068,-268672,-2551566,-689434,-670564,-892,-1017
785,-273526,-272121,-2573038,-693834,-674949,-897,-1017
790,-277006,-275593,-2594510,-698234,-679385,-901,-1017
795,-280508,-279087,-2615982,-702634,-683795,-906,-1017
800,-284033,-282602,-2637454,-707034,-688154,-911,-1017
805,-287579,-286140,-2658926,-711434,-692564,-915,-1017
810,-291147,-289700,-2680398,-715834,-696974,-920,-1017
815,-294737,-293282,-2701870,-720234,-701385,-925,-1017
820,-298349,-296885,-2723342,-724634,-705769,-930,-1017
825,-301983,-300511,-2744814,-729034,-710179,-934,-1017
830,-305640,-304158,-2766286,-733434,-714564,-939,-1017
835,-309318,-307828,-2787758,-737834,-718974,-944,-1017
840,-313018,-311520,-2809230,-742234,-723385,-948,-1017
845,-316740,-315233,-2830702,-746634,-727769,-953,-1017
850,-320484,-318969,-2852174,-751034,-732154,-958,-1017
855,-324250,-322727,-2873646,-755434,-736564,-963,-1017
860,-328039,-326506,-2895118,-759834,-740974,-967,-1017
865,-331849,-330308,-2916590,-764234,-745385,-972,-1017
870,-335681,-334132,-2938062,-768634,-749795,-977,-1017
875,-339535,-337977,-2959534,-773034,-754179,-982,-1017
880,-343411,-341845,-2981006,-777434,-758564,-986,-1017
885,-347309,-345735,-3002478,-781834,-762974,-991,-1017
890,-351230,-349646,-3023950,-786234,-767359,-996,-1017
895,-355172,-353580,-3045422,-790634,-771769,-1000,-1017
900,-359136,-357534,-3066894,-795034,-776128,-1000,-1017
905,-363109,-361462,-3088366,-792546,-779256,-913,-1017
910,-367060,-365238,-3109838,-788146,-777923,-942,-1017
915,-370990,-368976,-3131310,-783746,-775051,-976,-1017
920,-374898,-372767,-3152782,-779346,-772974,-994,-1017
925,-378784,-376629,-3174254,-774946,-772154,-992,-1017
930,-382647,-380529,-3195726,-770546,-771744,-978,-1017
935,-386489,-384420,-3217198,-766146,-770538,-962,-1017
940,-390309,-388271,-3238670,-761746,-767821,-951,-1017
945,-394106,-392076,-3260142,-757346,-765359,-944,-1017
950,-397882,-395841,-3281614,-752946,-765538,-939,-1017
955,-401636,-399573,-3303086,-748546,-765256,-936,-1017
960,-405368,-403282,-3324558,-744146,-762769,-936,-1017
965,-409077,-406976,-3346030,-739746,-758179,-936,-1017
970,-412765,-410664,-3367502,-735346,-752692,-934,-1017
975,-416431,-414344,-3388974,-730946,-747436,-929,-1017
980,-420075,-418010,-3410446,-726546,-742923,-922,-1017
985,-423696,-421652,-3431918,-722146,-738974,-914,-1017
990,-427296,-425266,-3453390,-717746,-735308,-908,-1017
995,-430874,-428850,-3474862,-713346,-731641,-902,-1017
1000,-434429,-432406,-3496334,-708946,-727821,-899,-1017
1005,-437963,-435940,-3517806,-704546,-723744,-895,-1017
1010,-441475,-439455,-3539278,-700146,-719333,-892,-1017
1015,-444965,-442951,-3560750,-695746,-714667,-888,-1017
1020,-448432,-446429,-3582222,-691346,-709974,-883,-1017
1025,-451878,-449887,-3603694,-686946,-705385,-878,-1017
1030,-455302,-453323,-3625166,-682546,-700974,-872,-1017
1035,-458704,-456735,-3646638,-678146,-696718,-867,-1017
1040,-462083,-460123,-3668110,-673746,-692513,-862,-1017
1045,-465441,-463488,-3689582,-669346,-688282,-858,-1017
1050,-468777,-466830,-3711054,-664946,-683974,-853,-1017
1055,-472090,-470151,-3732526,-660546,-679538,-849,-1017
1060,-475382,-473450,-3753998,-656146,-675051,-844,-1017
1065,-478652,-476729,-3775470,-651746,-670590,-840,-1017
1070,-481900,-479987,-3796942,-647346,-666154,-835,-1017
1075,-485125,-483222,-3818414,-642946,-661744,-830,-1017
1080,-488329,-486435,-3839886,-638546,-657359,-825,-1017
1085,-491511,-489625,-3861358,-634146,-653000,-820,-1017
1090,-494671,-492793,-3882830,-629746,-648641,-815,-1017
1095,-497808,-495938,-3904302,-625346,-644256,-811,-1017
1100,-500924,-499062,-3925774,-620946,-639846,-806,-1017
1105,-504018,-502165,-3947246,-616546,-635462,-801,-1017
1110,-507090,-505245,-3968718,-612146,-631026,-797,-1017
1115,-510139,-508303,-3990190,-607746,-626590,-792,-1017
1120,-513167,-511340,-4011662,-603346,-622179,-787,-1017
1125,-516173,-514354,-4033134,-598946,-617795,-783,-1017
1130,-519156,-517347,-4054606,-594546,-613410,-778,-1017
1135,-522118,-520317,-4076078,-590146,-609026,-773,-1017
1140,-525058,-523265,-4097550,-585746,-604641,-768,-1017
1145,-527976,-526191,-4119022,-581346,-600205,-764,-1017
1150,-530871,-529096,-4140494,-576946,-595821,-759,-1017
1155,-533745,-531978,-4161966,-572546,-591410,-754,-1017
1160,-536597,-534838,-4183438,-568146,-587000,-749,-1017
1165,-539427,-537677,-4204910,-563746,-582615,-745,-1017
1170,-542234,-540493,-4226382,-559346,-578205,-740,-1017
1175,-545020,-543287,-4247854,-554946,-573821,-735,-1017
1180,-547784,-546060,-4269326,-550546,-569436,-730,-1017
1185,-550525,-548810,-4290798,-546146,-565026,-726,-1017
1190,-553245,-551538,-4312270,-541746,-560615,-721,-1017
1195,-555943,-554244,-4333742,-537346,-556205,-716,-1017
1200,-558619,-556929,-4355214,-532946,-551821,-711,-1017
1205,-561272,-559591,-4376686,-528546,-547410,-707,-1017
1210,-563904,-562232,-4398158,-524146,-543026,-702,-1017
1215,-566514,-564850,-4419630,-519746,-538641,-697,-1017
1220,-569102,-567446,-4441102,-515346,-534205,-693,-1017
1225,-571667,-570020,-4462574,-510946,-529821,-688,-1017
1230,-574211,-572572,-4484046,-506546,-525410,-683,-1017
1235,-576733,-575103,-4505518,-502146,-521026,-678,-1017
1240,-579232,-577611,-4526990,-497746,-516615,-674,-1017
1245,-581710,-580097,-4548462,-493346,-512205,-669,-1017
1250,-584166,-582562,-4569934,-488946,-507821,-664,-1017
1255,-586600,-585004,-4591406,-484546,-503410,-660,-1017
1260,-589011,-587424,-4612878,-480146,-499000,-655,-1017
1265,-591401,-589823,-4634350,-475746,-494641,-650,-1017
1270,-593769,-592199,-4655822,-471346,-490231,-645,-1017
1275,-596115,-594553,-4677294,-466946,-485821,-641,-1017
1280,-598438,-596885,-4698766,-462546,-481410,-636,-1017
1285,-600740,-599196,-4720238,-458146,-477026,-631,-1017
1290,-603020,-601484,-4741710,-453746,-472615,-626,-1017
1295,-605277,-603751,-4763182,-449346,-468231,-622,-1017
1300,-607513,-605995,-4784654,-444946,-463821,-617,-1017
1305,-609727,-608217,-4806126,-440546,-459410,-612,-1017
1310,-611919,-610417,-4827598,-436146,-455000,-608,-1017
1315,-614088,-612596,-4849070,-431746,-450641,-603,-1017
1320,-616236,-614752,-4870542,-427346,-446231,-598,-1017
1325,-618362,-616886,-4892014,-422946,-441821,-593,-1017
1330,-620466,-618998,-4913486,-418546,-437410,-589,-1017
1335,-622547,-621089,-4934958,-414146,-433026,-584,-1017
1340,-624607,-623157,-4956430,-409746,-428615,-579,-1017
1345,-626645,-625204,-4977902,-405346,-424231,-574,-1017
1350,-628660,-627228,-4999374,-400946,-419821,-570,-1017
1355,-630654,-629230,-5020846,-396546,-415410,-565,-1017
1360,-632626,-631210,-5042318,-392146,-411026,-560,-1017
1365,-634576,-633169,-5063790,-387746,-406641,-555,-1017
1370,-636503,-635105,-5085262,-383346,-402231,-551,-1017
1375,-638409,-637019,-5106734,-378946,-397821,-546,-1017
1380,-640293,-638911,-5128206,-374546,-393410,-541,-1017
1385,-642155,-640782,-5149678,-370146,-389026,-537,-1017
1390,-643994,-642630,-5171150,-365746,-384615,-532,-1017
1395,-645812,-644456,-5192622,-361346,-380205,-527,-1017
1400,-647608,-646261,-5214094,-356946,-375821,-522,-1017
1405,-649382,-648043,-5235566,-352546,-371410,-518,-1017
1410,-651133,-649803,-5257038,-348146,-367026,-513,-1017
1415,-652863,-651541,-5278510,-343746,-362615,-508,-1017
1420,-654571,-653258,-5299982,-339346,-358231,-503,-1017
1425,-656256,-654952,-5321454,-334946,-353821,-499,-1017
1430,-657920,-656624,-5342926,-330546,-349410,-494,-1017
1435,-659562,-658275,-5364398,-326146,-345026,-489,-1017
1440,-661182,-659903,-5385870,-321746,-340615,-485,-1017
1445,-662779,-661509,-5407342,-317346,-336205,-480,-1017
1450,-664355,-663094,-5428814,-312946,-331846,-475,-1017
1455,-665909,-664656,-5450286,-308546,-327436,-470,-1017
1460,-667441,-666196,-5471758,-304146,-323026,-466,-1017
1465,-668950,-667714,-5493230,-299746,-318615,-461,-1017
1470,-670438,-669211,-5514702,-295346,-314231,-456,-1017
1475,-671904,-670685,-5536174,-290946,-309821,-452,-1017
1480,-673347,-672137,-5557646,-286546,-305410,-447,-1017
1485,-674769,-673568,-5579118,-282146,-301026,-442,-1017
1490,-676169,-674976,-5600590,-277746,-296615,-437,-1017
1495,-677547,-676362,-5622062,-273346,-292205,-433,-1017
1500,-678902,-677726,-5643534,-268946,-287821,-428,-1017
1505,-680236,-679069,-5665006,-264546,-283436,-423,-1017
1510,-681548,-680389,-5686478,-260146,-279026,-418,-1017
1515,-682838,-681687,-5707950,-255746,-274615,-414,-1017
1520,-684105,-682964,-5729422,-251346,-270231,-409,-1017
1525,-685351,-684218,-5750894,-246946,-265821,-404,-1017
1530,-686575,-685450,-5772366,-242546,-261410,-400,-1017
1535,-687776,-686660,-5793838,-238146,-257000,-395,-1017
1540,-688956,-687849,-5815310,-233746,-252615,-390,-1017
1545,-690114,-689015,-5836782,-229346,-248205,-385,-1017
1550,-691250,-690159,-5858254,-224946,-243821,-381,-1017
1555,-692363,-691282,-5879726,-220546,-239436,-376,-1017
1560,-693455,-692382,-5901198,-216146,-235026,-371,-1017
1565,-694525,-693460,-5922670,-211746,-230615,-366,-1017
1570,-695573,-694516,-5944142,-207346,-226205,-362,-1017
1575,-696598,-695551,-5965614,-202946,-221821,-357,-1017
1580,-697602,-696563,-5987086,-198546,-217410,-352,-1017
1585,-698584,-697553,-6008558,-194146,-213000,-348,-1017
1590,-699543,-698521,-6030030,-189746,-208590,-343,-1017
1595,-700481,-699468,-6051502,-185346,-204231,-338,-1017
1600,-701397,-700392,-6072974,-180946,-199821,-333,-1017
1605,-702291,-701294,-6094446,-176546,-195410,-329,-1017
1610,-703162,-702175,-6115918,-172146,-191026,-324,-1017
1615,-704012,-703033,-6137390,-167746,-186615,-319,-1017
1620,-704840,-703870,-6158862,-163346,-182231,-314,-1017
1625,-705646,-704684,-6180334,-158946,-177821,-310,-1017
1630,-706429,-705476,-6201806,-154546,-173436,-305,-1017
1635,-707191,-706246,-6223278,-150146,-169026,-300,-1017
1640,-707931,-706994,-6244750,-145746,-164615,-296,-1017
1645,-708649,-707721,-6266222,-141346,-160231,-291,-1017
1650,-709344,-708425,-6287694,-136946,-155821,-286,-1017
1655,-710018,-709107,-6309166,-132546,-151410,-281,-1017
1660,-710670,-709768,-6330638,-128146,-147026,-276,-1017
1665,-711299,-710406,-6352110,-123746,-142615,-272,-1017
1670,-711907,-711022,-6373582,-119346,-138205,-267,-1017
1675,-712493,-711616,-6395054,-114946,-133821,-262,-1017
1680,-713057,-712189,-6416526,-110546,-129436,-258,-1017
1685,-713598,-712739,-6437998,-106146,-125026,-253,-1017
1690,-714118,-713267,-6459470,-101746,-120615,-248,-1017
1695,-714616,-713774,-6480942,-97346,-116231,-243,-1017
1700,-715092,-714258,-6502414,-92946,-111821,-239,-1017
1705,-715545,-714720,-6523886,-88546,-107410,-234,-1017
1710,-715977,-715161,-6545358,-84146,-103026,-229,-1017
1715,-716387,-715579,-6566830,-79746,-98641,-224,-1017
1720,-716774,-715975,-6588302,-75346,-94231,-220,-1017
1725,-717140,-716349,-6609774,-70946,-89821,-215,-1017
1730,-717484,-716701,-6631246,-66546,-85410,-210,-1017
1735,-717806,-717032,-6652718,-62146,-81026,-206,-1017
1740,-718105,-717340,-6674190,-57746,-76615,-201,-1017
1745,-718383,-717626,-6695662,-53346,-72205,-196,-1017
1750,-718639,-717891,-6717134,-48946,-67821,-191,-1017
1755,-718873,-718133,-6738606,-44546,-63410,-187,-1017
1760,-719084,-718353,-6760078,-40146,-59000,-182,-1017
1765,-719274,-718551,-6781550,-35746,-54615,-177,-1017
1770,-719442,-718728,-6803022,-31346,-50231,-172,-1017
1775,-719587,-718882,-6824494,-26946,-45821,-168,-1017
1780,-719711,-719014,-6845966,-22546,-41410,-163,-1017
1785,-719813,-719125,-6867438,-18146,-37026,-158,-1017
1790,-719893,-719213,-6888910,-13746,-32615,-154,-1017
1795,-719950,-719280,-6910382,-9346,-28231,-149,-1017
1800,-719986,-719340,-6931854,-4946,-24231,-140,-1017
1805,-720000,-719396,-6953326,-546,-20718,-128,-1017
1810,-720000,-719440,-6974798,0,-17436,-96,-1017
1815,-720000,-719479,-6996270,0,-14590,-91,-1017
1820,-720000,-719516,-7017742,0,-12256,-86,-1017
1825,-720000,-719550,-7039214,0,-10410,-81,-1017
1830,-720000,-719583,-7060686,0,-9103,-76,-1017
1835,-720000,-719615,-7082158,0,-8282,-79,-1017
1840,-720000,-719646,-7103630,0,-7564,-72,-1017
1845,-720000,-719675,-7125102,0,-6897,-67,-1017
1850,-720000,-719702,-7146574,0,-6513,-61,-1017
1855,-720000,-719727,-7168046,0,-6179,-56,-1017
1860,-720000,-719750,-7189518,0,-5821,-52,-1017
1865,-720000,-719771,-7210990,0,-5487,-47,-1017
1870,-720000,-719790,-7232462,0,-5128,-44,-1017
1875,-720000,-719808,-7253934,0,-4795,-40,-1017
1880,-720000,-719825,-7275406,0,-4436,-37,-1017
1885,-720000,-719840,-7296878,0,-4077,-34,-1017
1890,-720000,-719854,-7318350,0,-3769,-31,-1017
1895,-720000,-719866,-7339822,0,-3436,-28,-1017
1900,-720000,-719878,-7361294,0,-3179,-26,-1017
1905,-720000,-719889,-7382766,0,-2923,-24,-1017
1910,-720000,-719899,-7404238,0,-2692,-22,-1017
1915,-720000,-719909,-7425710,0,-2513,-20,-1017
1920,-720000,-719917,-7447182,0,-2282,-18,-1017
1925,-720000,-719925,-7468654,0,-2128,-17,-1017
1930,-720000,-719932,-7490126,0,-1949,-15,-1017
1935,-720000,-719939,-7511598,0,-1795,-14,-1017
1940,-720000,-719945,-7533070,0,-1641,-13,-1017
1945,-720000,-719951,-7554542,0,-1538,-11,-1017
1950,-720000,-719956,-7576014,0,-1410,-10,-1017
1955,-720000,-719961,-7597486,0,-1308,-9,-1017
1960,-720000,-719965,-7618958,0,-1179,-9,-1017
1965,-720000,-719969,-7640430,0,-1103,-8,-1017
1970,-720000,-719973,-7661902,0,-1000,-7,-1017
1975,-720000,-719977,-7683374,0,-949,-6,-1017
1980,-720000,-719980,-7704846,0,-872,-6,-1017
1985,-720000,-719982,-7726318,0,-769,-5,-1017
1990,-720000,-719985,-7747790,0,-718,-5,-1017
1995,-720000,-719988,-7769262,0,-692,-4,-1017
2000,-720000,-719990,-7790734,0,-615,-4,-1017
2005,-720000,-719992,-7812206,0,-564,-3,-1017
2010,-720000,-719994,-7833678,0,-513,-3,-1017
2015,-720000,-719996,-7855150,0,-487,-2,-1017
2020,-720000,-719997,-7876622,0,-436,-2,-1017
2025,-720000,-719999,-7898094,0,-410,-2,-1017
2030,-720000,-720000,-7919566,0,-385,-2,-1017
2035,-720000,-720001,-7941038,0,-333,-1,-1017
2040,-720000,-720002,-7962510,0,-308,-1,-1017
2045,-720000,-720003,-7983982,0,-256,-1,-1017
2050,-720000,-720005,-8005454,0,-282,-1,-1017
2055,-720000,-720006,-8026926,0,-256,0,-1017
2060,-720000,-720007,-8048398,0,-231,0,-1017
2065,-720000,-720008,-8069870,0,-231,0,-1017
2070,-720000,-720008,-8091342,0,-179,0,-1017
2075,-720000,-720009,-8110879,0,-179,0,19508
2080,-720000,-720010,-8125102,0,-205,0,17235
2085,-720000,-720010,-8134382,0,-154,0,14981
2090,-720000,-720010,-8139328,0,-128,0,13002
2095,-720000,-720011,-8140477,0,-128,1,11269
2100,-720000,-720011,-8138814,0,-103,1,10055
2105,-720000,-720011,-8134697,0,-77,1,8935
2110,-720000,-720012,-8128430,0,-103,1,7954
2115,-720000,-720012,-8120278,0,-77,1,7094
2120,-720000,-720012,-8110476,0,-51,1,6340
2125,-720000,-720012,-8099228,0,-51,1,5679
2130,-720000,-720013,-8086713,0,-77,1,5102
2135,-720000,-720013,-8073089,0,-51,1,4595
2140,-720000,-720013,-8058493,0,-51,1,4151
2145,-720000,-720013,-8043045,0,-51,1,3762
2150,-720000,-720013,-8026851,0,-26,1,3422
2155,-720000,-720013,-8010003,0,-26,1,3123
2160,-720000,-720013,-7992583,0,-26,1,2862
2165,-720000,-720013,-7974661,0,0,1,2632
2170,-720000,-720013,-7956299,0,0,1,2432
2175,-720000,-720013,-7937552,0,0,1,2256
2180,-720000,-720013,-7918469,0,0,1,2102
2185,-720000,-720013,-7899091,0,0,1,1967
2190,-720000,-720013,-7879454,0,0,1,1849
2195,-720000,-720013,-7859590,0,0,1,1746
2200,-720000,-720013,-7839527,0,0,1,1655
2205,-720000,-720013,-7819290,0,0,1,1575
2210,-720000,-720013,-7798901,0,0,1,1506
2215,-720000,-720013,-7778379,0,0,1,1445
2220,-720000,-720013,-7757740,0,0,1,1392
2225,-720000,-720013,-7736998,0,0,1,1345
2230,-720000,-720013,-7716166,0,0,1,1304
2235,-720000,-720013,-7695256,0,0,1,1268
2240,-720000,-720013,-7674277,0,0,1,1237
2245,-720000,-720013,-7653237,0,0,1,1209
2250,-720000,-720013,-7632144,0,0,1,1185
2255,-720000,-720013,-7611005,0,0,1,1164
2260,-720000,-720013,-7589825,0,0,1,1145
2265,-720000,-720013,-7568610,0,0,1,1129
2270,-720000,-720013,-7547364,0,0,1,1115
2275,-720000,-720013,-7526091,0,0,1,1102
2280,-720000,-720013,-7504793,0,0,1,1091
2285,-720000,-720013,-7483475,0,0,1,1082
2290,-720000,-720013,-7462138,0,0,1,1073
2295,-720000,-720013,-7440786,0,0,1,1066
2300,-720000,-720013,-7419419,0,0,1,1060
2305,-720000,-720013,-7398040,0,0,1,1054
2310,-720000,-720013,-7376650,0,0,1,1049
2315,-720000,-720013,-7355251,0,0,1,1045
2320,-720000,-720013,-7333844,0,0,1,1041
2325,-720000,-720013,-7312429,0,0,1,1038
2330,-720000,-720013,-7291008,0,0,1,1035
2335,-720000,-720013,-7269581,0,0,1,1032
2340,-720000,-720013,-7248149,0,0,1,1030
2345,-720000,-720013,-7226713,0,0,1,1028
2350,-720000,-720013,-7205274,0,0,1,1026
2355,-720000,-720013,-7183831,0,0,1,1025
2360,-720000,-720013,-7162385,0,0,1,1023
2365,-720000,-720013,-7140937,0,0,1,1022
2370,-720000,-720013,-7119487,0,0,1,1021
2375,-720000,-720013,-7098035,0,0,1,1020
2380,-720000,-720013,-7076581,0,0,1,1020
2385,-720000,-720013,-7055125,0,0,1,1019
2390,-720000,-720013,-7033668,0,0,1,1018
2395,-720000,-720013,-7012210,0,0,1,1018
2400,-720000,-720013,-6990751,0,0,1,1017
2405,-720000,-720013,-6969291,0,0,1,1017
2410,-720000,-720013,-6947830,0,0,1,1017
2415,-720000,-720013,-6926368,0,0,1,1016
2420,-720000,-720013,-6904906,0,0,1,1016
2425,-720000,-720013,-6883443,0,0,1,1016
2430,-720000,-720013,-6861980,0,0,1,1016
2435,-720000,-720013,-6840516,0,0,1,1015
2440,-720000,-720013,-6819052,0,0,1,1015
2445,-720000,-720013,-6797588,0,0,1,1015
2450,-720000,-720013,-6776124,0,0,1,1015
2455,-720000,-720013,-6754659,0,0,1,1015
2460,-720000,-720013,-6733194,0,0,1,1015
2465,-720000,-720013,-6711729,0,0,1,1015
2470,-720000,-720013,-6690264,0,0,1,1015
2475,-720000,-720013,-6668799,0,0,1,1015
2480,-720000,-720013,-6647333,0,0,1,1014
2485,-720000,-720013,-6625867,0,0,1,1014
2490,-720000,-720013,-6604401,0,0,1,1014
2495,-720000,-720013,-6582935,0,0,1,1014
2500,-720000,-720013,-6561469,0,0,1,1014
2505,-720000,-720013,-6540003,0,0,1,1014
2510,-720000,-720013,-6518537,0,0,1,1014
2515,-720000,-720013,-6497071,0,0,1,1014
2520,-720000,-720013,-6475605,0,0,1,1014
2525,-720000,-720013,-6454139,0,0,1,1014
2530,-720000,-720013,-6432673,0,0,1,1014
2535,-720000,-720013,-6411207,0,0,1,1014
2540,-720000,-720013,-6389741,0,0,1,1014
2545,-720000,-720013,-6368275,0,0,1,1014
2550,-720000,-720013,-6346809,0,0,1,1014
2555,-720000,-720013,-6325343,0,0,1,1014
2560,-720000,-720013,-6303877,0,0,1,1014
2565,-720000,-720013,-6282411,0,0,1,1014
2570,-720000,-720013,-6260945,0,0,1,1014
2575,-720000,-720013,-6239479,0,0,1,1014
2580,-720000,-720013,-6218013,0,0,1,1014
2585,-720000,-720013,-6196547,0,0,1,1014
2590,-720000,-720013,-6175081,0,0,1,1014
2595,-720000,-720013,-6153615,0,0,1,1014
2600,-720000,-720013,-6132149,0,0,1,1014
2605,-720000,-720013,-6110683,0,0,1,1014
2610,-720000,-720013,-6089217,0,0,1,1014
2615,-720000,-720013,-6067751,0,0,1,1014
2620,-720000,-720013,-6046285,0,0,1,1014
2625,-720000,-720013,-6024819,0,0,1,1014
2630,-720000,-720013,-6003353,0,0,1,1014
2635,-720000,-720013,-5981887,0,0,1,1014
2640,-720000,-720013,-5960421,0,0,1,1014
2645,-720000,-720013,-5938955,0,0,1,1014
2650,-720000,-720013,-5917489,0,0,1,1014
2655,-720000,-720013,-5896023,0,0,1,1014
2660,-720000,-720013,-5874557,0,0,1,1014
2665,-720000,-720013,-5853091,0,0,1,1014
2670,-720000,-720013,-5831625,0,0,1,1014
2675,-720000,-720013,-5810159,0,0,1,1014
2680,-720000,-720013,-5788693,0,0,1,1014
2685,-720000,-720013,-5767227,0,0,1,1014
2690,-720000,-720013,-5745761,0,0,1,1014
2695,-720000,-720013,-5724295,0,0,1,1014
2700,-720000,-720013,-5702829,0,0,1,1014
2705,-720000,-720013,-5681363,0,0,1,1014
2710,-720000,-720013,-5659897,0,0,1,1014
2715,-720000,-720013,-5638431,0,0,1,1014
2720,-720000,-720013,-5616965,0,0,1,1014
2725,-720000,-720013,-5595499,0,0,1,1014
2730,-720000,-720013,-5574033,0,0,1,1014
2735,-720000,-720013,-5552567,0,0,1,1014
2740,-720000,-720013,-5531101,0,0,1,1014
2745,-720000,-720013,-5509635,0,0,1,1014
2750,-720000,-720013,-5488169,0,0,1,1014
2755,-720000,-720013,-5466703,0,0,1,1014
2760,-720000,-720013,-5445237,0,0,1,1014
2765,-720000,-720013,-5423771,0,0,1,1014
2770,-720000,-720013,-5402305,0,0,1,1014
2775,-720000,-720013,-5380839,0,0,1,1014
2780,-720000,-720013,-5359373,0,0,1,1014
2785,-720000,-720013,-5337907,0,0,1,1014
2790,-720000,-720013,-5316441,0,0,1,1014
2795,-720000,-720013,-5294975,0,0,1,1014
2800,-720000,-720013,-5273509,0,0,1,1014
2805,-720000,-720013,-5252043,0,0,1,1014
2810,-720000,-720013,-5230577,0,0,1,1014
2815,-720000,-720013,-5209111,0,0,1,1014
2820,-720000,-720013,-5187645,0,0,1,1014
2825,-720000,-720013,-5166179,0,0,1,1014
2830,-720000,-720013,-5144713,0,0,1,1014
2835,-720000,-720013,-5123247,0,0,1,1014
2840,-720000,-720013,-5101781,0,0,1,1014
2845,-720000,-720013,-5080315,0,0,1,1014
2850,-720000,-720013,-5058849,0,0,1,1014
2855,-720000,-720013,-5037383,0,0,1,1014
2860,-720000,-720013,-5015917,0,0,1,1014
2865,-720000,-720013,-4994451,0,0,1,1014
2870,-720000,-720013,-4972985,0,0,1,1014
2875,-720000,-720013,-4951519,0,0,1,1014
2880,-720000,-720013,-4930053,0,0,1,1014
2885,-720000,-720013,-4908587,0,0,1,1014
2890,-720000,-720013,-4887121,0,0,1,1014
2895,-720000,-720013,-4865655,0,0,1,1014
2900,-720000,-720013,-4844189,0,0,1,1014
2905,-720000,-720013,-4822723,0,0,1,1014
2910,-720000,-720013,-4801257,0,0,1,1014
2915,-720000,-720013,-4779791,0,0,1,1014
2920,-720000,-720013,-4758325,0,0,1,1014
2925,-720000,-720013,-4736859,0,0,1,1014
2930,-720000,-720013,-4715393,0,0,1,1014
2935,-720000,-720013,-4693927,0,0,1,1014
2940,-720000,-720013,-4672461,0,0,1,1014
2945,-720000,-720013,-4650995,0,0,1,1014
2950,-720000,-720013,-4629529,0,0,1,1014
2955,-720000,-720013,-4608063,0,0,1,1014
2960,-720000,-720013,-4586597,0,0,1,1014
2965,-720000,-720013,-4565131,0,0,1,1014
2970,-720000,-720013,-4543665,0,0,1,1014
2975,-720000,-720013,-4522199,0,0,1,1014
2980,-720000,-720013,-4500733,0,0,1,1014
2985,-720000,-720013,-4479267,0,0,1,1014
2990,-720000,-720013,-4457801,0,0,1,1014
2995,-720000,-720013,-4436335,0,0,1,1014
3000,-720000,-720013,-4414869,0,0,1,1014
3005,-720000,-720013,-4393403,0,0,1,1014
3010,-720000,-720013,-4371937,0,0,1,1014
3015,-720000,-720013,-4350471,0,0,1,1014
3020,-720000,-720013,-4329005,0,0,1,1014
3025,-720000,-720013,-4307539,0,0,1,1014
3030,-720000,-720013,-4286073,0,0,1,1014
3035,-720000,-720013,-4264607,0,0,1,1014
3040,-720000,-720013,-4243141,0,0,1,1014
3045,-720000,-720013,-4221675,0,0,1,1014
3050,-720000,-720013,-4200209,0,0,1,1014
3055,-720000,-720013,-4178743,0,0,1,1014
3060,-720000,-720013,-4157277,0,0,1,1014
3065,-720000,-720013,-4135811,0,0,1,1014
3070,-720000,-720013,-4114345,0,0,1,1014
3075,-720000,-720013,-4092879,0,0,1,1014
3080,-720000,-720013,-4071413,0,0,1,1014
3085,-720000,-720013,-4049947,0,0,1,1014
3090,-720000,-720013,-4028481,0,0,1,1014
3095,-720000,-720013,-4007015,0,0,1,1014
3100,-720000,-720013,-3985549,0,0,1,1014
3105,-720000,-720013,-3964083,0,0,1,1014
3110,-720000,-720013,-3942617,0,0,1,1014
3115,-720000,-720013,-3921151,0,0,1,1014
3120,-720000,-720013,-3899685,0,0,1,1014
3125,-720000,-720013,-3878219,0,0,1,1014
3130,-720000,-720013,-3856753,0,0,1,1014
3135,-720000,-720013,-3835287,0,0,1,1014
3140,-720000,-720013,-3813821,0,0,1,1014
3145,-720000,-720013,-3792355,0,0,1,1014
3150,-720000,-720013,-3770889,0,0,1,1014
3155,-720000,-720013,-3749423,0,0,1,1014
3160,-720000,-720013,-3727957,0,0,1,1014
3165,-720000,-720013,-3706491,0,0,1,1014
3170,-720000,-720013,-3685025,0,0,1,1014
3175,-720000,-720013,-3663559,0,0,1,1014
3180,-720000,-720013,-3642093,0,0,1,1014
3185,-720000,-720013,-3620627,0,0,1,1014
3190,-720000,-720013,-3599161,0,0,1,1014
3195,-720000,-720013,-3577695,0,0,1,1014
3200,-720000,-720013,-3556229,0,0,1,1014
3205,-720000,-720013,-3534763,0,0,1,1014
3210,-720000,-720013,-3513297,0,0,1,1014
3215,-720000,-720013,-3491831,0,0,1,1014
3220,-720000,-720013,-3470365,0,0,1,1014
3225,-720000,-720013,-3448899,0,0,1,1014
3230,-720000,-720013,-3427433,0,0,1,1014
3235,-720000,-720013,-3405967,0,0,1,1014
3240,-720000,-720013,-3384501,0,0,1,1014
3245,-720000,-720013,-3363035,0,0,1,1014
3250,-720000,-720013,-3341569,0,0,1,1014
3255,-720000,-720013,-3320103,0,0,1,1014
3260,-720000,-720013,-3298637,0,0,1,1014
3265,-720000,-720013,-3277171,0,0,1,1014
3270,-720000,-720013,-3255705,0,0,1,1014
3275,-720000,-720013,-3234239,0,0,1,1014
3280,-720000,-720013,-3212773,0,0,1,1014
3285,-720000,-720013,-3191307,0,0,1,1014
3290,-720000,-720013,-3169841,0,0,1,1014
3295,-720000,-720013,-3148375,0,0,1,1014
3300,-720000,-720013,-3126909,0,0,1,1014
3305,-720000,-720013,-3105443,0,0,1,1014
3310,-720000,-720013,-3083977,0,0,1,1014
3315,-720000,-720013,-3062511,0,0,1,1014
3320,-720000,-720013,-3041045,0,0,1,1014
3325,-720000,-720013,-3019579,0,0,1,1014
3330,-720000,-720013,-2998113,0,0,1,1014
3335,-720000,-720013,-2976647,0,0,1,1014
3340,-720000,-720013,-2955181,0,0,1,1014
3345,-720000,-720013,-2933715,0,0,1,1014
3350,-720000,-720013,-2912249,0,0,1,1014
3355,-720000,-720013,-2890783,0,0,1,1014
3360,-720000,-720013,-2869317,0,0,1,1014
3365,-720000,-720013,-2847851,0,0,1,1014
3370,-720000,-720013,-2826385,0,0,1,1014
3375,-720000,-720013,-2804919,0,0,1,1014
3380,-720000,-720013,-2783453,0,0,1,1014
3385,-720000,-720013,-2761987,0,0,1,1014
3390,-720000,-720013,-2740521,0,0,1,1014
3395,-720000,-720013,-2719055,0,0,1,1014
3400,-720000,-720013,-2697589,0,0,1,1014
3405,-720000,-720013,-2676123,0,0,1,1014
3410,-720000,-720013,-2654657,0,0,1,1014
3415,-720000,-720013,-2633191,0,0,1,1014
3420,-720000,-720013,-2611725,0,0,1,1014
3425,-720000,-720013,-2590259,0,0,1,1014
3430,-720000,-720013,-2568793,0,0,1,1014
3435,-720000,-720013,-2547327,0,0,1,1014
3440,-720000,-720013,-2525861,0,0,1,1014
3445,-720000,-720013,-2504395,0,0,1,1014
3450,-720000,-720013,-2482929,0,0,1,1014
3455,-720000,-720013,-2461463,0,0,1,1014
3460,-720000,-720013,-2439997,0,0,1,1014
3465,-720000,-720013,-2418531,0,0,1,1014
3470,-720000,-720013,-2397065,0,0,1,1014
3475,-720000,-720013,-2375599,0,0,1,1014
3480,-720000,-720013,-2354133,0,0,1,1014
3485,-720000,-720013,-2332667,0,0,1,1014
3490,-720000,-720013,-2311201,0,0,1,1014
3495,-720000,-720013,-2289735,0,0,1,1014
3500,-720000,-720013,-2268269,0,0,1,1014
3505,-720000,-720013,-2246803,0,0,1,1014
3510,-720000,-720013,-2225337,0,0,1,1014
3515,-720000,-720013,-2203871,0,0,1,1014
3520,-720000,-720013,-2182405,0,0,1,1014
3525,-720000,-720013,-2160939,0,0,1,1014
3530,-720000,-720013,-2139473,0,0,1,1014
3535,-720000,-720013,-2118007,0,0,1,1014
3540,-720000,-720013,-2096541,0,0,1,1014
3545,-720000,-720013,-2075075,0,0,1,1014
3550,-720000,-720013,-2053609,0,0,1,1014
3555,-720000,-720013,-2032143,0,0,1,1014
3560,-720000,-720013,-2010677,0,0,1,1014
3565,-720000,-720013,-1989211,0,0,1,1014
3570,-720000,-720013,-1967745,0,0,1,1014
3575,-720000,-720013,-1946279,0,0,1,1014
3580,-720000,-720013,-1924813,0,0,1,1014
3585,-720000,-720013,-1903347,0,0,1,1014
3590,-720000,-720013,-1881881,0,0,1,1014
3595,-720000,-720013,-1860415,0,0,1,1014
3600,-720000,-720013,-1838949,0,0,1,1014
3605,-720000,-720013,-1817483,0,0,1,1014
3610,-720000,-720013,-1796017,0,0,1,1014
3615,-720000,-720013,-1774551,0,0,1,1014
3620,-720000,-720013,-1753085,0,0,1,1014
3625,-720000,-720013,-1731619,0,0,1,1014
3630,-720000,-720013,-1710153,0,0,1,1014
3635,-720000,-720013,-1688687,0,0,1,1014
3640,-720000,-720013,-1667221,0,0,1,1014
3645,-720000,-720013,-1645755,0,0,1,1014
3650,-720000,-720013,-1624289,0,0,1,1014
3655,-720000,-720013,-1602823,0,0,1,1014
3660,-720000,-720013,-1581357,0,0,1,1014
3665,-720000,-720013,-1559891,0,0,1,1014
3670,-720000,-720013,-1538425,0,0,1,1014
3675,-720000,-720013,-1516959,0,0,1,1014
3680,-720000,-720013,-1495493,0,0,1,1014
3685,-720000,-720013,-1474027,0,0,1,1014
3690,-720000,-720013,-1452561,0,0,1,1014
3695,-720000,-720013,-1431095,0,0,1,1014
3700,-720000,-720013,-1409629,0,0,1,1014
3705,-720000,-720013,-1388163,0,0,1,1014
3710,-720000,-720013,-1366697,0,0,1,1014
3715,-720000,-720013,-1345231,0,0,1,1014
3720,-720000,-720013,-1323765,0,0,1,1014
3725,-720000,-720013,-1302299,0,0,1,1014
3730,-720000,-720013,-1280833,0,0,1,1014
3735,-720000,-720013,-1259367,0,0,1,1014
3740,-720000,-720013,-1237901,0,0,1,1014
3745,-720000,-720013,-1216435,0,0,1,1014
3750,-720000,-720013,-1194969,0,0,1,1014
3755,-720000,-720013,-1173503,0,0,1,1014
3760,-720000,-720013,-1152037,0,0,1,1014
3765,-720000,-720013,-1130571,0,0,1,1014
3770,-720000,-720013,-1109105,0,0,1,1014
3775,-720000,-720013,-1087639,0,0,1,1014
3780,-720000,-720013,-1066173,0,0,1,1014
3785,-720000,-720013,-1044707,0,0,1,1014
3790,-720000,-720013,-1023241,0,0,1,1014
3795,-720000,-720013,-1001775,0,0,1,1014
3800,-720000,-720013,-980309,0,0,1,1014
3805,-720000,-720013,-958843,0,0,1,1014
3810,-720000,-720013,-937377,0,0,1,1014
3815,-720000,-720013,-915911,0,0,1,1014
3820,-720000,-720013,-894445,0,0,1,1014
3825,-720000,-720013,-872979,0,0,1,1014
3830,-720000,-720013,-851513,0,0,1,1014
3835,-720000,-720013,-830047,0,0,1,1014
3840,-720000,-720013,-808581,0,0,1,1014
3845,-720000,-720013,-787115,0,0,1,1014
3850,-720000,-720013,-765649,0,0,1,1014
3855,-720000,-720013,-744477,0,0,1,-2100
3860,-720000,-720013,-724452,0,0,1,-5377
3865,-720000,-720013,-706431,0,0,1,-7984
3870,-720000,-720013,-690979,0,0,1,-8745
3875,-720000,-720013,-678398,0,0,1,-10206
3880,-720000,-720013,-669026,0,0,1,-11004
3885,-720000,-720013,-663035,0,0,1,-11149
3890,-720000,-720013,-660415,0,0,1,-10691
3895,-720000,-720013,-660993,0,0,1,-9706
3900,-720000,-720013,-663945,0,0,1,-8594
3905,-720000,-720013,-668907,0,0,1,-7150
3910,-720000,-720013,-675461,0,0,1,-5533
3915,-720000,-720013,-683147,0,0,1,-3841
3920,-720000,-720013,-691491,0,0,1,-2162
3925,-720000,-720013,-700029,0,0,1,-574
3930,-720000,-720013,-708330,0,0,1,853
3935,-720000,-720013,-716011,0,0,1,2062
3940,-720000,-720013,-722765,0,0,1,2882
3945,-720000,-720013,-728456,0,0,1,2675
3950,-720000,-720013,-733089,0,0,1,2898
3955,-720000,-720013,-736598,0,0,1,3217
3960,-720000,-720013,-738916,0,0,1,3305
3965,-720000,-720013,-740037,0,0,1,3176
3970,-720000,-720013,-740012,0,0,1,2856
3975,-720000,-720013,-739457,0,0,1,2682
3980,-720000,-720013,-738456,0,0,1,2380
3985,-720000,-720013,-737096,0,0,1,2037
3990,-720000,-720013,-735475,0,0,1,1674
3995,-720000,-720013,-733694,0,0,1,1310
TRACE END
